numV: 15, numA: 80, seed: 10, n: 2
[] [23] [] [] [] [14] [] [24] [26] [30] [23] [] [] [] []
[23] [] [13, 35] [] [] [16] [] [] [] [] [26] [] [34, 27] [31, 26] []
[] [13, 35] [] [] [26] [31] [] [] [] [] [] [17] [] [] [24]
[] [] [] [] [16] [23, 25] [22, 29, 28] [] [26] [24] [18, 15] [25] [32] [] []
[] [] [26] [16] [] [13, 24] [17, 32] [32] [] [18] [] [30, 25] [] [] [23, 29]
[14] [16] [31] [23, 25] [13, 24] [13] [31] [] [] [] [] [] [16] [] []
[] [] [] [22, 29, 28] [17, 32] [31] [] [13, 17] [] [21, 19] [] [13] [30] [17] []
[24] [] [] [] [32] [] [13, 17] [] [15] [32] [30, 23, 24] [17] [] [21] [13]
[26] [] [] [26] [] [] [] [15] [] [] [24] [31] [25, 14] [] [23, 18]
[30] [] [] [24] [18] [] [21, 19] [32] [] [27] [] [] [] [] [17, 17]
[23] [26] [] [18, 15] [] [] [] [30, 23, 24] [24] [] [] [26, 22] [13] [17, 24] [17]
[] [] [17] [25] [30, 25] [] [13] [17] [31] [] [26, 22] [] [30] [34, 25] []
[] [34, 27] [] [32] [] [16] [30] [] [25, 14] [] [13] [30] [] [28] [32, 34]
[] [31, 26] [] [] [] [] [17] [21] [] [] [17, 24] [34, 25] [28] [15] []
[] [] [24] [] [23, 29] [] [] [13] [23, 18] [17, 17] [17] [] [32, 34] [] []
[[[], [23], [], [], [], [14], [], [24], [26], [30], [23], [], [], [], []], [[23], [], [13, 35], [], [], [16], [], [], [], [], [26], [], [34, 27], [31, 26], []], [[], [13, 35], [], [], [26], [31], [], [], [], [], [], [17], [], [], [24]], [[], [], [], [], [16], [23, 25], [22, 29, 28], [], [26], [24], [18, 15], [25], [32], [], []], [[], [], [26], [16], [], [13, 24], [17, 32], [32], [], [18], [], [30, 25], [], [], [23, 29]], [[14], [16], [31], [23, 25], [13, 24], [13], [31], [], [], [], [], [], [16], [], []], [[], [], [], [22, 29, 28], [17, 32], [31], [], [13, 17], [], [21, 19], [], [13], [30], [17], []], [[24], [], [], [], [32], [], [13, 17], [], [15], [32], [30, 23, 24], [17], [], [21], [13]], [[26], [], [], [26], [], [], [], [15], [], [], [24], [31], [25, 14], [], [23, 18]], [[30], [], [], [24], [18], [], [21, 19], [32], [], [27], [], [], [], [], [17, 17]], [[23], [26], [], [18, 15], [], [], [], [30, 23, 24], [24], [], [], [26, 22], [13], [17, 24], [17]], [[], [], [17], [25], [30, 25], [], [13], [17], [31], [], [26, 22], [], [30], [34, 25], []], [[], [34, 27], [], [32], [], [16], [30], [], [25, 14], [], [13], [30], [], [28], [32, 34]], [[], [31, 26], [], [], [], [], [17], [21], [], [], [17, 24], [34, 25], [28], [15], []], [[], [], [24], [], [23, 29], [], [], [13], [23, 18], [17, 17], [17], [], [32, 34], [], []]]
0: [(1, 23), (5, 14), (7, 24), (8, 26), (9, 30), (10, 23)]
1: [(0, 23), (2, 13), (2, 35), (5, 16), (10, 26), (12, 34), (12, 27), (13, 31), (13, 26)]
2: [(1, 13), (1, 35), (4, 26), (5, 31), (11, 17), (14, 24)]
3: [(4, 16), (5, 23), (5, 25), (6, 22), (6, 29), (6, 28), (8, 26), (9, 24), (10, 18), (10, 15), (11, 25), (12, 32)]
4: [(2, 26), (3, 16), (5, 13), (5, 24), (6, 17), (6, 32), (7, 32), (9, 18), (11, 30), (11, 25), (14, 23), (14, 29)]
5: [(0, 14), (1, 16), (2, 31), (3, 23), (3, 25), (4, 13), (4, 24), (5, 13), (6, 31), (12, 16)]
6: [(3, 22), (3, 29), (3, 28), (4, 17), (4, 32), (5, 31), (7, 13), (7, 17), (9, 21), (9, 19), (11, 13), (12, 30), (13, 17)]
7: [(0, 24), (4, 32), (6, 13), (6, 17), (8, 15), (9, 32), (10, 30), (10, 23), (10, 24), (11, 17), (13, 21), (14, 13)]
8: [(0, 26), (3, 26), (7, 15), (10, 24), (11, 31), (12, 25), (12, 14), (14, 23), (14, 18)]
9: [(0, 30), (3, 24), (4, 18), (6, 21), (6, 19), (7, 32), (9, 27), (14, 17), (14, 17)]
10: [(0, 23), (1, 26), (3, 18), (3, 15), (7, 30), (7, 23), (7, 24), (8, 24), (11, 26), (11, 22), (12, 13), (13, 17), (13, 24), (14, 17)]
11: [(2, 17), (3, 25), (4, 30), (4, 25), (6, 13), (7, 17), (8, 31), (10, 26), (10, 22), (12, 30), (13, 34), (13, 25)]
12: [(1, 34), (1, 27), (3, 32), (5, 16), (6, 30), (8, 25), (8, 14), (10, 13), (11, 30), (13, 28), (14, 32), (14, 34)]
13: [(1, 31), (1, 26), (6, 17), (7, 21), (10, 17), (10, 24), (11, 34), (11, 25), (12, 28), (13, 15)]
14: [(2, 24), (4, 23), (4, 29), (7, 13), (8, 23), (8, 18), (9, 17), (9, 17), (10, 17), (12, 32), (12, 34)]
