numV: 15, numA: 80, seed: 10, n: 1
[26] [] [] [27] [] [] [24] [] [30] [27] [] [14] [] [] []
[] [] [34] [] [29] [] [] [35, 23, 35, 22] [] [] [24] [] [] [17, 31] [25]
[] [34] [] [35] [30] [] [14, 31] [35, 21] [12, 30] [22, 32, 24] [] [] [22, 14] [35] []
[27] [] [35] [] [] [24, 31, 23] [21, 31] [17, 19] [] [] [] [17] [21] [15] [28]
[] [29] [30] [] [] [] [] [29, 13] [19, 13] [] [30] [35] [] [] [14]
[] [] [] [24, 31, 23] [] [25] [] [] [18] [30, 30] [26] [] [] [30, 29] [12]
[24] [] [14, 31] [21, 31] [] [] [18] [22, 30] [] [18] [] [] [] [] [28, 30]
[] [35, 23, 35, 22] [35, 21] [17, 19] [29, 13] [] [22, 30] [] [] [13] [33] [] [34] [30] []
[30] [] [12, 30] [] [19, 13] [18] [] [] [] [] [13, 17] [] [] [] [30, 23]
[27] [] [22, 32, 24] [] [] [30, 30] [18] [13] [] [] [22] [] [] [31] [32]
[] [24] [] [] [30] [26] [] [33] [13, 17] [22] [17] [] [23] [] [15]
[14] [] [] [17] [35] [] [] [] [] [] [] [] [] [31] []
[] [] [22, 14] [21] [] [] [] [34] [] [] [23] [] [17] [12] [35]
[] [17, 31] [35] [15] [] [30, 29] [] [30] [] [31] [] [31] [12] [] []
[] [25] [] [28] [14] [12] [28, 30] [] [30, 23] [32] [15] [] [35] [] []
[[[26], [], [], [27], [], [], [24], [], [30], [27], [], [14], [], [], []], [[], [], [34], [], [29], [], [], [35, 23, 35, 22], [], [], [24], [], [], [17, 31], [25]], [[], [34], [], [35], [30], [], [14, 31], [35, 21], [12, 30], [22, 32, 24], [], [], [22, 14], [35], []], [[27], [], [35], [], [], [24, 31, 23], [21, 31], [17, 19], [], [], [], [17], [21], [15], [28]], [[], [29], [30], [], [], [], [], [29, 13], [19, 13], [], [30], [35], [], [], [14]], [[], [], [], [24, 31, 23], [], [25], [], [], [18], [30, 30], [26], [], [], [30, 29], [12]], [[24], [], [14, 31], [21, 31], [], [], [18], [22, 30], [], [18], [], [], [], [], [28, 30]], [[], [35, 23, 35, 22], [35, 21], [17, 19], [29, 13], [], [22, 30], [], [], [13], [33], [], [34], [30], []], [[30], [], [12, 30], [], [19, 13], [18], [], [], [], [], [13, 17], [], [], [], [30, 23]], [[27], [], [22, 32, 24], [], [], [30, 30], [18], [13], [], [], [22], [], [], [31], [32]], [[], [24], [], [], [30], [26], [], [33], [13, 17], [22], [17], [], [23], [], [15]], [[14], [], [], [17], [35], [], [], [], [], [], [], [], [], [31], []], [[], [], [22, 14], [21], [], [], [], [34], [], [], [23], [], [17], [12], [35]], [[], [17, 31], [35], [15], [], [30, 29], [], [30], [], [31], [], [31], [12], [], []], [[], [25], [], [28], [14], [12], [28, 30], [], [30, 23], [32], [15], [], [35], [], []]]
0: [(0, 26), (3, 27), (6, 24), (8, 30), (9, 27), (11, 14)]
1: [(2, 34), (4, 29), (7, 35), (7, 23), (7, 35), (7, 22), (10, 24), (13, 17), (13, 31), (14, 25)]
2: [(1, 34), (3, 35), (4, 30), (6, 14), (6, 31), (7, 35), (7, 21), (8, 12), (8, 30), (9, 22), (9, 32), (9, 24), (12, 22), (12, 14), (13, 35)]
3: [(0, 27), (2, 35), (5, 24), (5, 31), (5, 23), (6, 21), (6, 31), (7, 17), (7, 19), (11, 17), (12, 21), (13, 15), (14, 28)]
4: [(1, 29), (2, 30), (7, 29), (7, 13), (8, 19), (8, 13), (10, 30), (11, 35), (14, 14)]
5: [(3, 24), (3, 31), (3, 23), (5, 25), (8, 18), (9, 30), (9, 30), (10, 26), (13, 30), (13, 29), (14, 12)]
6: [(0, 24), (2, 14), (2, 31), (3, 21), (3, 31), (6, 18), (7, 22), (7, 30), (9, 18), (14, 28), (14, 30)]
7: [(1, 35), (1, 23), (1, 35), (1, 22), (2, 35), (2, 21), (3, 17), (3, 19), (4, 29), (4, 13), (6, 22), (6, 30), (9, 13), (10, 33), (12, 34), (13, 30)]
8: [(0, 30), (2, 12), (2, 30), (4, 19), (4, 13), (5, 18), (10, 13), (10, 17), (14, 30), (14, 23)]
9: [(0, 27), (2, 22), (2, 32), (2, 24), (5, 30), (5, 30), (6, 18), (7, 13), (10, 22), (13, 31), (14, 32)]
10: [(1, 24), (4, 30), (5, 26), (7, 33), (8, 13), (8, 17), (9, 22), (10, 17), (12, 23), (14, 15)]
11: [(0, 14), (3, 17), (4, 35), (13, 31)]
12: [(2, 22), (2, 14), (3, 21), (7, 34), (10, 23), (12, 17), (13, 12), (14, 35)]
13: [(1, 17), (1, 31), (2, 35), (3, 15), (5, 30), (5, 29), (7, 30), (9, 31), (11, 31), (12, 12)]
14: [(1, 25), (3, 28), (4, 14), (5, 12), (6, 28), (6, 30), (8, 30), (8, 23), (9, 32), (10, 15), (12, 35)]
