numV: 100, numA: 450, seed: 1000, n: 2
0 0 0 0 0 0 0 0 0 0 0 0 1 1 0 0 0 0 0 0 0 0 1 0 0 1 0 0 0 0 0 0 0 0 0 0 0 0 0 0 0 0 0 0 0 0 0 0 0 0 0 0 0 0 0 0 0 0 0 0 0 0 0 0 0 0 0 0 0 0 0 0 0 0 0 0 0 0 0 0 0 0 0 0 0 0 0 0 0 0 0 0 0 0 0 0 0 0 0 0
0 0 1 0 1 0 0 0 0 0 0 0 0 0 0 0 0 0 0 0 0 0 0 0 0 0 0 0 1 0 0 0 0 0 0 0 0 0 0 0 0 0 2 0 0 0 0 0 0 0 0 0 0 0 0 0 0 0 0 0 0 0 0 0 0 0 0 0 0 0 0 0 0 0 0 0 0 0 0 0 0 0 0 0 0 0 0 0 0 0 0 0 0 0 0 0 0 0 0 0
0 1 0 0 0 0 0 0 1 0 0 0 0 0 0 0 0 0 0 0 1 0 0 1 0 0 0 0 0 0 0 0 0 0 0 0 0 0 0 0 0 1 0 0 0 0 0 0 0 0 0 0 0 0 0 0 0 0 0 0 0 0 0 0 0 0 0 0 0 0 0 0 0 0 0 0 0 0 0 0 0 0 0 0 0 0 0 0 0 0 0 0 0 0 0 0 0 0 0 0
0 0 0 0 0 0 0 0 0 0 0 0 0 0 0 0 0 0 0 0 0 0 0 0 0 0 0 0 1 0 0 0 0 0 0 0 0 1 0 0 0 0 0 0 0 0 0 0 0 0 0 0 0 0 0 0 0 0 0 0 0 0 0 0 0 0 0 0 0 0 0 0 0 0 0 0 0 0 0 0 0 0 0 0 0 0 0 0 0 0 0 0 0 0 0 0 0 0 0 0
0 1 0 0 0 0 0 0 0 1 0 0 0 1 0 0 0 0 0 0 0 0 0 0 0 0 0 0 0 0 0 1 0 0 0 1 0 0 0 0 0 0 0 0 0 1 0 0 0 0 0 0 0 0 0 0 0 0 0 0 0 0 0 0 0 0 0 0 0 0 0 0 0 0 0 0 0 0 0 0 0 0 0 0 0 0 0 0 0 0 0 0 0 0 0 0 0 0 0 0
0 0 0 0 0 0 0 0 0 0 0 0 0 0 0 0 0 0 0 0 0 0 0 0 0 0 1 0 0 0 0 0 0 0 0 0 1 0 0 0 0 0 0 0 0 0 0 0 0 0 0 0 0 0 0 0 0 0 0 0 0 0 0 0 0 0 0 0 0 0 0 0 0 0 0 0 0 0 0 0 0 0 0 0 0 0 0 0 0 0 0 0 0 0 0 0 0 0 0 0
0 0 0 0 0 0 0 0 0 0 0 0 0 0 0 0 0 0 0 0 1 0 1 0 0 0 0 0 0 0 0 0 0 0 0 1 0 0 0 1 0 0 1 0 0 0 0 0 0 0 0 0 0 0 0 0 0 0 0 0 0 0 0 0 0 0 0 0 0 0 0 0 0 0 0 0 0 0 0 0 0 0 0 0 0 0 0 0 0 0 0 0 0 0 0 0 0 0 0 0
0 0 0 0 0 0 0 0 0 0 0 0 0 0 0 0 0 1 0 1 0 0 1 0 1 0 0 0 0 0 0 0 1 0 0 0 0 0 0 0 0 0 0 0 0 0 0 0 0 0 0 0 0 0 0 0 0 0 0 0 0 0 0 0 0 0 0 0 0 0 0 0 0 0 0 0 0 0 0 0 0 0 0 0 0 0 0 0 0 0 0 0 0 0 0 0 0 0 0 0
0 0 1 0 0 0 0 0 0 0 1 1 0 0 0 0 0 0 0 0 0 0 0 0 0 0 0 1 0 1 0 0 0 0 0 0 0 0 1 0 0 0 0 0 0 0 0 0 0 0 0 0 0 0 0 0 0 0 0 0 0 0 0 0 0 0 0 0 0 0 0 0 0 0 0 0 0 0 0 0 0 0 0 0 0 0 0 0 0 0 0 0 0 0 0 0 0 0 0 0
0 0 0 0 1 0 0 0 0 0 0 0 0 1 0 0 0 0 0 0 0 0 0 0 0 0 0 0 0 1 0 0 0 0 1 0 0 0 0 1 0 0 0 0 0 0 0 0 0 0 0 0 0 0 0 0 0 0 0 0 0 0 0 0 0 0 0 0 0 0 0 0 0 0 0 0 0 0 0 0 0 0 0 0 0 0 0 0 0 0 0 0 0 0 0 0 0 0 0 0
0 0 0 0 0 0 0 0 1 0 0 1 1 0 0 0 0 0 0 0 0 0 0 0 0 0 0 0 0 0 0 0 1 0 0 0 0 0 0 0 0 0 0 0 0 0 0 0 0 0 0 0 0 0 0 0 0 0 0 0 0 0 0 0 0 0 0 0 0 0 0 0 0 0 0 0 0 0 0 0 0 0 0 0 0 0 0 0 0 0 0 0 0 0 0 0 0 0 0 0
0 0 0 0 0 0 0 0 1 0 1 0 0 0 0 0 0 0 0 1 0 0 0 0 0 0 1 0 0 1 0 0 0 0 0 1 0 0 0 1 0 0 0 0 0 0 0 0 0 0 0 0 0 0 0 0 0 0 0 0 0 0 0 0 0 0 0 0 0 0 0 0 0 0 0 0 0 0 0 0 0 0 0 0 0 0 0 0 0 0 0 0 0 0 0 0 0 0 0 0
1 0 0 0 0 0 0 0 0 0 1 0 0 1 0 0 0 1 0 0 0 0 0 0 0 0 0 0 0 0 0 1 0 0 0 0 0 0 0 0 0 0 1 0 0 0 0 0 0 0 0 0 0 0 0 0 0 0 0 0 0 0 0 0 0 0 0 0 0 0 0 0 0 0 0 0 0 0 0 0 0 0 0 0 0 0 0 0 0 0 0 0 0 0 0 0 0 0 0 0
1 0 0 0 1 0 0 0 0 1 0 0 1 0 0 1 1 0 0 0 0 0 1 0 1 0 0 0 0 0 0 0 0 0 0 0 0 0 0 0 0 0 0 0 0 0 0 0 0 0 0 0 0 0 0 0 0 0 0 0 0 0 0 0 0 0 0 0 0 0 0 0 0 0 0 0 0 0 0 0 0 0 0 0 0 0 0 0 0 0 0 0 0 0 0 0 0 0 0 0
0 0 0 0 0 0 0 0 0 0 0 0 0 0 0 1 0 0 0 0 0 0 0 0 0 0 0 0 0 0 1 0 0 0 0 0 0 0 0 0 0 0 0 0 0 0 0 0 0 0 0 0 0 0 0 0 0 0 0 0 0 0 0 0 0 0 0 0 0 0 0 0 0 0 0 0 0 0 0 0 0 0 0 0 0 0 0 0 0 0 0 0 0 0 0 0 0 0 0 0
0 0 0 0 0 0 0 0 0 0 0 0 0 1 1 0 0 1 0 0 0 0 0 0 0 1 0 0 0 0 0 0 0 0 0 0 0 0 0 0 0 0 0 0 0 0 0 0 0 0 0 0 0 0 0 0 0 0 0 0 0 0 0 0 0 0 0 0 0 0 0 0 0 0 0 0 0 0 0 0 0 0 0 0 0 0 0 0 0 0 0 0 0 0 0 0 0 0 0 0
0 0 0 0 0 0 0 0 0 0 0 0 0 1 0 0 0 0 0 0 0 1 0 0 0 0 0 0 0 0 0 0 0 0 0 0 1 0 0 0 0 0 0 0 1 0 0 0 0 0 0 0 0 0 0 0 0 0 0 0 0 0 0 0 0 0 0 0 0 0 0 0 0 0 0 0 0 0 0 0 0 0 0 0 0 0 0 0 0 0 0 0 0 0 0 0 0 0 0 0
0 0 0 0 0 0 0 1 0 0 0 0 1 0 0 1 0 0 0 0 0 0 0 0 0 0 0 1 0 0 1 0 0 0 0 0 0 0 0 1 0 0 0 0 0 0 0 0 0 0 0 0 0 0 0 0 0 0 0 0 0 0 0 0 0 0 0 0 0 0 0 0 0 0 0 0 0 0 0 0 0 0 0 0 0 0 0 0 0 0 0 0 0 0 0 0 0 0 0 0
0 0 0 0 0 0 0 0 0 0 0 0 0 0 0 0 0 0 0 0 0 0 1 1 0 0 1 0 0 0 0 0 0 0 0 0 0 0 0 0 0 0 0 0 0 0 0 0 0 0 0 0 0 0 0 0 0 0 0 0 0 0 0 0 0 0 0 0 0 0 0 0 0 0 0 0 0 0 0 0 0 0 0 0 0 0 0 0 0 0 0 0 0 0 0 0 0 0 0 0
0 0 0 0 0 0 0 1 0 0 0 1 0 0 0 0 0 0 0 0 0 0 0 0 0 0 1 0 0 0 0 0 1 0 0 0 0 1 0 0 0 0 1 0 0 0 0 0 0 0 0 0 0 0 0 0 0 0 0 0 0 0 0 0 0 0 0 0 0 0 0 0 0 0 0 0 0 0 0 0 0 0 0 0 0 0 0 0 0 0 0 0 0 0 0 0 0 0 0 0
0 0 1 0 0 0 1 0 0 0 0 0 0 0 0 0 0 0 0 0 0 0 0 1 0 0 0 0 0 0 0 0 0 0 0 0 0 0 0 0 0 0 0 0 0 0 0 0 0 0 0 0 0 0 0 0 0 0 0 0 0 0 0 0 0 0 0 0 0 0 0 0 0 0 0 0 0 0 0 0 0 0 0 0 0 0 0 0 0 0 0 0 0 0 0 0 0 0 0 0
0 0 0 0 0 0 0 0 0 0 0 0 0 0 0 0 1 0 0 0 0 0 1 0 0 0 0 0 0 0 0 0 0 1 0 0 0 0 0 0 0 0 0 0 1 0 0 0 0 0 0 0 0 0 0 0 0 0 0 0 0 0 0 0 0 0 0 0 0 0 0 0 0 0 0 0 0 0 0 0 0 0 0 0 0 0 0 0 0 0 0 0 0 0 0 0 0 0 0 0
1 0 0 0 0 0 1 1 0 0 0 0 0 1 0 0 0 0 1 0 0 1 0 0 0 0 0 0 0 0 0 0 0 0 0 0 0 0 0 0 0 0 0 0 0 0 0 0 0 0 0 0 0 0 0 0 0 0 0 0 0 0 0 0 0 0 0 0 0 0 0 0 0 0 0 0 0 0 0 0 0 0 0 0 0 0 0 0 0 0 0 0 0 0 0 0 0 0 0 0
0 0 1 0 0 0 0 0 0 0 0 0 0 0 0 0 0 0 1 0 1 0 0 0 0 1 0 0 0 0 0 0 0 0 0 0 0 0 0 0 0 0 0 0 0 0 0 0 0 0 0 0 0 0 0 0 0 0 0 0 0 0 0 0 0 0 0 0 0 0 0 0 0 0 0 0 0 0 0 0 0 0 0 0 0 0 0 0 0 0 0 0 0 0 0 0 0 0 0 0
0 0 0 0 0 0 0 1 0 0 0 0 0 1 0 0 0 0 0 0 0 0 0 0 0 0 0 0 0 0 0 0 0 0 0 0 0 0 0 0 0 0 0 1 0 0 1 0 0 0 0 0 0 0 0 0 0 0 0 0 0 0 0 0 0 0 0 0 0 0 0 0 0 0 0 0 0 0 0 0 0 0 0 0 0 0 0 0 0 0 0 0 0 0 0 0 0 0 0 0
1 0 0 0 0 0 0 0 0 0 0 0 0 0 0 1 0 0 0 0 0 0 0 1 0 0 0 1 0 0 0 0 0 0 0 0 0 0 0 0 0 0 0 0 0 0 1 0 0 0 0 0 0 0 0 0 0 0 0 0 0 0 0 0 0 0 0 0 0 0 0 0 0 0 0 0 0 0 0 0 0 0 0 0 0 0 0 0 0 0 0 0 0 0 0 0 0 0 0 0
0 0 0 0 0 1 0 0 0 0 0 1 0 0 0 0 0 0 1 1 0 0 0 0 0 0 0 0 0 0 0 0 0 0 0 0 0 0 1 0 0 1 0 0 0 0 0 0 0 0 0 0 0 0 0 0 0 0 0 0 0 0 0 0 0 0 0 0 0 0 0 0 0 0 0 0 0 0 0 0 0 0 0 0 0 0 0 0 0 0 0 0 0 0 0 0 0 0 0 0
0 0 0 0 0 0 0 0 1 0 0 0 0 0 0 0 0 1 0 0 0 0 0 0 0 1 0 0 0 0 0 0 0 0 0 0 0 0 0 0 0 0 0 0 0 0 0 0 0 0 0 0 0 0 0 0 0 0 0 0 0 0 0 0 0 0 0 0 0 0 0 0 0 0 0 0 0 0 0 0 0 0 0 0 0 0 0 0 0 0 0 0 0 0 0 0 0 0 0 0
0 1 0 1 0 0 0 0 0 0 0 0 0 0 0 0 0 0 0 0 0 0 0 0 0 0 0 0 0 1 0 0 0 0 0 0 0 0 0 0 0 0 0 0 0 0 0 0 0 0 0 0 0 0 0 0 0 0 0 0 0 0 0 0 0 0 0 0 0 0 0 0 0 0 0 0 0 0 0 0 0 0 0 0 0 0 0 0 0 0 0 0 0 0 0 0 0 0 0 0
0 0 0 0 0 0 0 0 1 1 0 1 0 0 0 0 0 0 0 0 0 0 0 0 0 0 0 0 1 0 0 0 0 0 0 0 0 0 0 0 0 0 1 0 0 0 0 0 0 0 0 0 0 0 0 0 0 0 0 0 0 0 0 0 0 0 0 0 0 0 0 0 0 0 0 0 0 0 0 0 0 0 0 0 0 0 0 0 0 0 0 0 0 0 0 0 0 0 0 0
0 0 0 0 0 0 0 0 0 0 0 0 0 0 1 0 0 1 0 0 0 0 0 0 0 0 0 0 0 0 0 1 0 0 0 0 0 0 0 0 0 0 0 0 0 0 0 0 0 0 0 0 0 0 0 0 0 0 0 0 0 0 0 0 0 0 0 0 0 0 0 0 0 0 0 0 0 0 0 0 0 0 0 0 0 0 0 0 0 0 0 0 0 0 0 0 0 0 0 0
0 0 0 0 1 0 0 0 0 0 0 0 1 0 0 0 0 0 0 0 0 0 0 0 0 0 0 0 0 0 1 0 0 0 1 0 0 0 0 0 0 0 0 0 0 0 0 0 0 0 0 0 0 0 0 0 0 0 0 0 0 0 0 0 0 0 0 0 0 0 0 0 0 0 0 0 0 0 0 0 0 0 0 0 0 0 0 0 0 0 0 0 0 0 0 0 0 0 0 0
0 0 0 0 0 0 0 1 0 0 1 0 0 0 0 0 0 0 0 1 0 0 0 0 0 0 0 0 0 0 0 0 0 0 0 0 0 0 0 0 0 0 0 0 0 0 0 0 0 0 0 0 0 0 0 0 0 0 0 0 0 0 0 0 0 0 0 0 0 0 0 0 0 0 0 0 0 0 0 0 0 0 0 0 0 0 0 0 0 0 0 0 0 0 0 0 0 0 0 0
0 0 0 0 0 0 0 0 0 0 0 0 0 0 0 0 0 0 0 0 0 1 0 0 0 0 0 0 0 0 0 0 0 0 0 1 0 0 0 0 0 1 0 0 0 0 0 0 0 0 0 0 0 0 0 0 0 0 0 0 0 0 0 0 0 0 0 0 0 0 0 0 0 0 0 0 0 0 0 0 0 0 0 0 0 0 0 0 0 0 0 0 0 0 0 0 0 0 0 0
0 0 0 0 0 0 0 0 0 1 0 0 0 0 0 0 0 0 0 0 0 0 0 0 0 0 0 0 0 0 0 1 0 0 0 0 0 0 1 0 0 0 0 0 0 0 0 0 0 0 0 0 0 0 0 0 0 0 0 0 0 0 0 0 0 0 0 0 0 0 0 0 0 0 0 0 0 0 0 0 0 0 0 0 0 0 0 0 0 0 0 0 0 0 0 0 0 0 0 0
0 0 0 0 1 0 1 0 0 0 0 1 0 0 0 0 0 0 0 0 0 0 0 0 0 0 0 0 0 0 0 0 0 1 0 0 0 0 0 0 0 0 0 0 1 0 0 0 0 0 0 0 0 0 0 0 0 0 0 0 0 0 0 0 0 0 0 0 0 0 0 0 0 0 0 0 0 0 0 0 0 0 0 0 0 0 0 0 0 0 0 0 0 0 0 0 0 0 0 0
0 0 0 0 0 1 0 0 0 0 0 0 0 0 0 0 1 0 0 0 0 0 0 0 0 0 0 0 0 0 0 0 0 0 0 0 0 0 0 0 0 0 0 0 0 0 0 0 0 0 0 0 0 0 0 0 0 0 0 0 0 0 0 0 0 0 0 0 0 0 0 0 0 0 0 0 0 0 0 0 0 0 0 0 0 0 0 0 0 0 0 0 0 0 0 0 0 0 0 0
0 0 0 1 0 0 0 0 0 0 0 0 0 0 0 0 0 0 0 1 0 0 0 0 0 0 0 0 0 0 0 0 0 0 0 0 0 0 0 0 0 1 0 1 0 0 1 0 0 0 0 0 0 0 0 0 0 0 0 0 0 0 0 0 0 0 0 0 0 0 0 0 0 0 0 0 0 0 0 0 0 0 0 0 0 0 0 0 0 0 0 0 0 0 0 0 0 0 0 0
0 0 0 0 0 0 0 0 1 0 0 0 0 0 0 0 0 0 0 0 0 0 0 0 0 0 1 0 0 0 0 0 0 0 1 0 0 0 0 0 1 0 0 0 0 0 0 0 0 0 0 0 0 0 0 0 0 0 0 0 0 0 0 0 0 0 0 0 0 0 0 0 0 0 0 0 0 0 0 0 0 0 0 0 0 0 0 0 0 0 0 0 0 0 0 0 0 0 0 0
0 0 0 0 0 0 1 0 0 1 0 1 0 0 0 0 0 1 0 0 0 0 0 0 0 0 0 0 0 0 0 0 0 0 0 0 0 0 0 0 1 0 0 0 1 1 0 0 0 0 0 0 0 0 0 0 0 0 0 0 0 0 0 0 0 0 0 0 0 0 0 0 0 0 0 0 0 0 0 0 0 0 0 0 0 0 0 0 0 0 0 0 0 0 0 0 0 0 0 0
0 0 0 0 0 0 0 0 0 0 0 0 0 0 0 0 0 0 0 0 0 0 0 0 0 0 0 0 0 0 0 0 0 0 0 0 0 0 1 1 0 0 1 0 1 0 0 0 0 0 0 0 0 0 0 0 0 0 0 0 0 0 0 0 0 0 0 0 0 0 0 0 0 0 0 0 0 0 0 0 0 0 0 0 0 0 0 0 0 0 0 0 0 0 0 0 0 0 0 0
0 0 1 0 0 0 0 0 0 0 0 0 0 0 0 0 0 0 0 0 0 0 0 0 0 0 1 0 0 0 0 0 0 1 0 0 0 1 0 0 0 0 0 0 0 0 0 0 0 0 0 0 0 0 0 0 0 0 0 0 0 0 0 0 0 0 0 0 0 0 0 0 0 0 0 0 0 0 0 0 0 0 0 0 0 0 0 0 0 0 0 0 0 0 0 0 0 0 0 0
0 2 0 0 0 0 1 0 0 0 0 0 1 0 0 0 0 0 0 1 0 0 0 0 0 0 0 0 0 1 0 0 0 0 0 0 0 0 0 0 1 0 0 0 0 0 0 0 0 0 0 0 0 0 0 0 0 0 0 0 0 0 0 0 0 0 0 0 0 0 0 0 0 0 0 0 0 0 0 0 0 0 0 0 0 0 0 0 0 0 0 0 0 0 0 0 0 0 0 0
0 0 0 0 0 0 0 0 0 0 0 0 0 0 0 0 0 0 0 0 0 0 0 0 1 0 0 0 0 0 0 0 0 0 0 0 0 1 0 0 0 0 0 0 0 0 0 0 0 0 0 0 0 0 0 0 0 0 0 0 0 0 0 0 0 0 0 0 0 0 0 0 0 0 0 0 0 0 0 0 0 0 0 0 0 0 0 0 0 0 0 0 0 0 0 0 0 0 0 0
0 0 0 0 0 0 0 0 0 0 0 0 0 0 0 0 1 0 0 0 0 1 0 0 0 0 0 0 0 0 0 0 0 0 0 1 0 0 0 1 1 0 0 0 0 0 0 0 0 0 0 0 0 0 0 0 0 0 0 0 0 0 0 0 0 0 0 0 0 0 0 0 0 0 0 0 0 0 0 0 0 0 0 0 0 0 0 0 0 0 0 0 0 0 0 0 0 0 0 0
0 0 0 0 1 0 0 0 0 0 0 0 0 0 0 0 0 0 0 0 0 0 0 0 0 0 0 0 0 0 0 0 0 0 0 0 0 0 0 1 0 0 0 0 0 0 1 0 0 0 0 0 0 0 0 0 0 0 0 0 0 0 0 0 0 0 0 0 0 0 0 0 0 0 0 0 0 0 0 0 0 0 0 0 0 0 0 0 0 0 0 0 0 0 0 0 0 0 0 0
0 0 0 0 0 0 0 0 0 0 0 0 0 0 0 0 0 0 0 0 0 0 0 0 1 1 0 0 0 0 0 0 0 0 0 0 0 1 0 0 0 0 0 0 0 1 0 0 0 0 0 0 0 0 0 0 0 0 0 0 0 0 0 0 0 0 0 0 0 0 0 0 0 0 0 0 0 0 0 0 0 0 0 0 0 0 0 0 0 0 0 0 0 0 0 0 0 0 0 0
0 0 0 0 0 0 0 0 0 0 0 0 0 0 0 0 0 0 0 0 0 0 0 0 0 0 0 0 0 0 0 0 0 0 0 0 0 0 0 0 0 0 0 0 0 0 0 0 0 1 0 0 1 0 1 0 1 0 0 0 0 0 0 0 0 0 0 0 0 0 0 0 0 0 0 0 0 0 0 0 1 1 0 1 1 0 0 0 1 1 0 1 0 0 2 0 0 0 0 0
0 0 0 0 0 0 0 0 0 0 0 0 0 0 0 0 0 0 0 0 0 0 0 0 0 0 0 0 0 0 0 0 0 0 0 0 0 0 0 0 0 0 0 0 0 0 0 0 0 1 1 0 0 0 0 0 1 0 0 0 1 0 1 0 0 1 0 0 0 0 0 0 0 1 0 0 0 0 0 0 0 0 0 0 0 0 1 0 0 0 1 0 2 0 0 1 0 1 1 0
0 0 0 0 0 0 0 0 0 0 0 0 0 0 0 0 0 0 0 0 0 0 0 0 0 0 0 0 0 0 0 0 0 0 0 0 0 0 0 0 0 0 0 0 0 0 0 1 1 0 1 0 0 0 1 1 1 0 0 0 0 2 0 0 0 1 0 1 0 0 0 0 1 2 0 0 0 0 1 0 1 0 0 1 0 0 0 0 1 0 0 0 0 0 1 0 0 0 0 0
0 0 0 0 0 0 0 0 0 0 0 0 0 0 0 0 0 0 0 0 0 0 0 0 0 0 0 0 0 0 0 0 0 0 0 0 0 0 0 0 0 0 0 0 0 0 0 0 1 1 0 0 0 0 0 3 0 0 0 0 0 0 0 0 0 0 0 0 0 1 0 0 0 0 0 0 0 0 1 0 1 0 0 0 0 1 0 0 1 0 0 0 0 1 1 0 2 0 0 0
0 0 0 0 0 0 0 0 0 0 0 0 0 0 0 0 0 0 0 0 0 0 0 0 0 0 0 0 0 0 0 0 0 0 0 0 0 0 0 0 0 0 0 0 0 0 0 0 0 0 0 0 0 0 0 0 0 0 0 0 1 0 0 0 0 0 0 0 0 0 0 0 0 0 0 1 0 1 0 0 0 0 0 1 0 0 1 0 0 0 0 0 0 1 0 1 0 0 0 0
0 0 0 0 0 0 0 0 0 0 0 0 0 0 0 0 0 0 0 0 0 0 0 0 0 0 0 0 0 0 0 0 0 0 0 0 0 0 0 0 0 0 0 0 0 0 0 1 0 0 0 0 0 0 0 0 0 0 0 1 1 0 0 0 1 0 0 0 0 0 1 0 0 1 1 2 0 1 1 0 0 0 1 0 0 0 1 0 0 0 0 1 0 0 0 0 0 0 0 0
0 0 0 0 0 0 0 0 0 0 0 0 0 0 0 0 0 0 0 0 0 0 0 0 0 0 0 0 0 0 0 0 0 0 0 0 0 0 0 0 0 0 0 0 0 0 0 0 0 0 0 0 0 0 0 0 0 0 0 0 0 0 1 2 0 0 0 0 0 0 0 0 0 0 0 0 0 1 0 0 0 0 0 1 1 0 0 1 2 0 0 0 0 1 1 0 0 0 0 0
0 0 0 0 0 0 0 0 0 0 0 0 0 0 0 0 0 0 0 0 0 0 0 0 0 0 0 0 0 0 0 0 0 0 0 0 0 0 0 0 0 0 0 0 0 0 0 1 0 1 0 0 0 0 0 0 1 1 0 1 1 0 0 2 0 1 0 0 1 1 0 0 0 0 0 1 0 0 0 0 1 0 0 0 0 0 0 1 0 0 0 0 0 0 0 0 0 0 0 1
0 0 0 0 0 0 0 0 0 0 0 0 0 0 0 0 0 0 0 0 0 0 0 0 0 0 0 0 0 0 0 0 0 0 0 0 0 0 0 0 0 0 0 0 0 0 0 0 0 1 3 0 0 0 0 0 0 0 0 1 1 0 0 1 0 0 0 0 0 1 0 0 1 0 0 1 0 0 0 0 0 0 0 0 0 1 2 0 1 0 0 0 0 0 0 0 0 0 0 0
0 0 0 0 0 0 0 0 0 0 0 0 0 0 0 0 0 0 0 0 0 0 0 0 0 0 0 0 0 0 0 0 0 0 0 0 0 0 0 0 0 0 0 0 0 0 0 1 1 1 0 0 0 0 1 0 0 0 2 0 0 1 0 0 1 0 0 0 0 0 2 0 0 0 1 0 1 0 0 0 0 0 0 3 0 0 0 0 1 0 0 0 0 0 0 0 0 1 1 1
0 0 0 0 0 0 0 0 0 0 0 0 0 0 0 0 0 0 0 0 0 0 0 0 0 0 0 0 0 0 0 0 0 0 0 0 0 0 0 0 0 0 0 0 0 0 0 0 0 0 0 0 0 0 1 0 0 0 1 0 1 1 0 1 1 0 0 0 0 0 0 1 1 0 1 0 0 0 0 0 1 1 1 0 1 2 0 1 0 0 0 0 0 1 0 0 0 0 0 0
0 0 0 0 0 0 0 0 0 0 0 0 0 0 0 0 0 0 0 0 0 0 0 0 0 0 0 0 0 0 0 0 0 0 0 0 0 0 0 0 0 0 0 0 0 0 0 0 0 0 0 0 0 0 0 0 2 1 0 0 2 0 0 1 0 0 0 0 0 0 0 0 0 0 0 0 0 1 0 1 1 0 1 1 0 1 0 0 0 0 1 0 0 0 0 0 0 0 0 0
0 0 0 0 0 0 0 0 0 0 0 0 0 0 0 0 0 0 0 0 0 0 0 0 0 0 0 0 0 0 0 0 0 0 0 0 0 0 0 0 0 0 0 0 0 0 0 0 0 0 0 0 1 0 1 1 0 0 0 0 1 0 0 0 1 0 1 0 0 0 1 0 0 0 1 1 1 1 0 0 0 0 0 0 0 0 0 0 1 0 0 0 0 0 0 0 0 0 0 0
0 0 0 0 0 0 0 0 0 0 0 0 0 0 0 0 0 0 0 0 0 0 0 0 0 0 0 0 0 0 0 0 0 0 0 0 0 0 0 0 0 0 0 0 0 0 0 0 1 0 0 1 1 0 1 1 0 1 2 1 0 0 0 0 0 0 0 0 0 1 0 0 1 0 0 0 1 2 0 0 0 0 1 0 0 0 1 0 0 0 0 0 0 0 0 1 0 0 0 1
0 0 0 0 0 0 0 0 0 0 0 0 0 0 0 0 0 0 0 0 0 0 0 0 0 0 0 0 0 0 0 0 0 0 0 0 0 0 0 0 0 0 0 0 0 0 0 0 0 2 0 0 0 0 0 0 1 1 0 0 0 0 0 0 0 0 1 1 1 1 0 0 0 1 0 0 0 0 0 0 0 0 2 0 0 0 0 0 0 1 0 0 1 0 0 0 0 0 1 0
0 0 0 0 0 0 0 0 0 0 0 0 0 0 0 0 0 0 0 0 0 0 0 0 0 0 0 0 0 0 0 0 0 0 0 0 0 0 0 0 0 0 0 0 0 0 0 0 1 0 0 0 0 1 0 0 0 0 0 0 0 0 0 0 0 1 0 0 0 0 0 0 0 0 0 0 0 0 0 0 0 0 0 1 0 1 0 0 1 0 0 0 0 1 0 0 2 1 0 0
0 0 0 0 0 0 0 0 0 0 0 0 0 0 0 0 0 0 0 0 0 0 0 0 0 0 0 0 0 0 0 0 0 0 0 0 0 0 0 0 0 0 0 0 0 0 0 0 0 0 0 0 0 2 2 1 0 1 1 0 0 0 0 0 0 1 0 0 0 0 0 1 1 1 1 1 0 0 0 0 0 0 1 0 0 0 0 0 1 0 0 0 0 1 0 1 0 0 0 1
0 0 0 0 0 0 0 0 0 0 0 0 0 0 0 0 0 0 0 0 0 0 0 0 0 0 0 0 0 0 0 0 0 0 0 0 0 0 0 0 0 0 0 0 0 0 0 0 0 0 0 0 1 0 0 0 1 1 0 1 0 0 0 0 0 0 0 0 0 1 0 0 0 1 0 0 0 1 1 0 0 1 1 0 0 0 0 0 0 0 0 1 0 0 0 0 0 0 0 0
0 0 0 0 0 0 0 0 0 0 0 0 0 0 0 0 0 0 0 0 0 0 0 0 0 0 0 0 0 0 0 0 0 0 0 0 0 0 0 0 0 0 0 0 0 0 0 0 1 1 0 0 0 0 1 0 0 0 0 0 0 0 1 1 0 0 1 0 0 0 1 0 0 0 0 0 0 0 0 1 0 0 1 0 0 0 1 0 0 1 0 0 1 0 0 2 1 0 0 0
0 0 0 0 0 0 0 0 0 0 0 0 0 0 0 0 0 0 0 0 0 0 0 0 0 0 0 0 0 0 0 0 0 0 0 0 0 0 0 0 0 0 0 0 0 0 0 0 0 0 0 0 0 0 0 0 0 0 0 1 0 1 0 0 0 1 0 1 0 0 1 0 1 0 0 0 0 0 0 1 0 1 0 0 1 0 0 0 0 0 0 0 0 0 1 0 0 1 0 0
0 0 0 0 0 0 0 0 0 0 0 0 0 0 0 0 0 0 0 0 0 0 0 0 0 0 0 0 0 0 0 0 0 0 0 0 0 0 0 0 0 0 0 0 0 0 0 0 0 1 0 0 0 0 0 0 0 0 0 0 0 1 0 0 0 0 1 0 0 1 0 1 0 0 1 1 0 0 0 0 1 1 0 0 0 1 0 0 0 0 1 0 0 0 2 0 0 0 0 0
0 0 0 0 0 0 0 0 0 0 0 0 0 0 0 0 0 0 0 0 0 0 0 0 0 0 0 0 0 0 0 0 0 0 0 0 0 0 0 0 0 0 0 0 0 0 0 0 0 0 0 0 0 0 1 0 0 0 0 0 0 1 0 0 0 0 0 0 0 0 1 1 0 0 0 1 2 1 1 0 0 0 0 0 0 0 1 0 0 0 0 0 0 0 0 0 0 0 0 0
0 0 0 0 0 0 0 0 0 0 0 0 0 0 0 0 0 0 0 0 0 0 0 0 0 0 0 0 0 0 0 0 0 0 0 0 0 0 0 0 0 0 0 0 0 0 0 0 0 0 1 0 0 0 1 1 0 0 0 0 1 1 0 0 1 0 0 1 0 0 0 0 0 0 0 0 0 1 0 0 0 0 1 0 2 0 0 1 1 0 0 0 0 0 0 0 0 0 0 0
0 0 0 0 0 0 0 0 0 0 0 0 0 0 0 0 0 0 0 0 0 0 0 0 0 0 0 0 0 0 0 0 0 0 0 0 0 0 0 0 0 0 0 0 0 0 0 0 0 0 0 0 1 0 0 0 2 0 0 1 0 0 0 0 0 1 1 0 1 0 0 0 0 0 0 1 0 0 0 0 0 0 0 0 1 0 1 1 0 0 0 0 0 0 0 1 1 1 0 0
0 0 0 0 0 0 0 0 0 0 0 0 0 0 0 0 0 0 0 0 0 0 0 0 0 0 0 0 0 0 0 0 0 0 0 0 0 0 0 0 0 0 0 0 0 0 0 0 0 0 0 0 0 0 0 0 0 1 0 0 0 0 0 1 0 0 0 1 1 0 0 0 0 0 0 0 0 0 0 0 1 1 0 0 0 0 0 1 1 0 0 0 0 0 1 0 2 0 0 0
0 0 0 0 0 0 0 0 0 0 0 0 0 0 0 0 0 0 0 0 0 0 0 0 0 0 0 0 0 0 0 0 0 0 0 0 0 0 0 0 0 0 0 0 0 0 0 0 0 1 0 0 0 0 0 1 0 1 0 0 1 0 0 1 0 0 1 0 0 0 0 0 0 0 1 0 0 0 0 0 0 0 0 0 0 0 0 0 0 0 0 0 0 1 0 0 0 0 0 0
0 0 0 0 0 0 0 0 0 0 0 0 0 0 0 0 0 0 0 0 0 0 0 0 0 0 0 0 0 0 0 0 0 0 0 0 0 0 0 0 0 0 0 0 0 0 0 0 1 2 0 0 1 0 0 0 0 0 0 0 0 1 0 1 1 0 0 0 0 0 0 0 0 0 0 2 0 0 0 1 0 0 0 0 1 1 0 0 0 0 2 0 0 0 0 0 0 0 0 1
0 0 0 0 0 0 0 0 0 0 0 0 0 0 0 0 0 0 0 0 0 0 0 0 0 0 0 0 0 0 0 0 0 0 0 0 0 0 0 0 0 0 0 0 0 0 0 0 0 0 0 0 1 0 0 0 1 1 0 1 0 0 0 1 0 0 0 1 0 0 0 0 1 0 0 0 0 0 0 0 0 0 0 0 0 0 0 0 0 0 0 0 0 0 0 1 1 0 0 1
0 0 0 0 0 0 0 0 0 0 0 0 0 0 0 0 0 0 0 0 0 0 0 0 0 0 0 0 0 0 0 0 0 0 0 0 0 0 0 0 0 0 0 0 0 0 0 0 0 0 0 1 2 0 1 1 0 0 0 1 0 0 0 1 0 0 0 1 1 0 1 0 0 2 0 0 0 0 0 0 1 0 1 0 1 0 0 0 1 0 1 0 1 0 1 0 0 0 0 1
0 0 0 0 0 0 0 0 0 0 0 0 0 0 0 0 0 0 0 0 0 0 0 0 0 0 0 0 0 0 0 0 0 0 0 0 0 0 0 0 0 0 0 0 0 0 0 0 0 0 0 0 0 0 0 0 1 0 0 1 1 0 0 0 0 0 0 0 2 0 0 0 0 0 0 0 0 0 0 0 0 0 0 0 0 1 0 0 0 0 0 0 0 1 0 0 0 1 0 0
0 0 0 0 0 0 0 0 0 0 0 0 0 0 0 0 0 0 0 0 0 0 0 0 0 0 0 0 0 0 0 0 0 0 0 0 0 0 0 0 0 0 0 0 0 0 0 0 0 0 0 1 1 1 0 0 0 0 1 1 2 0 0 0 1 0 0 0 1 1 0 0 0 0 0 0 0 0 0 0 0 0 0 1 0 0 0 0 0 0 0 0 0 0 0 1 0 2 0 0
0 0 0 0 0 0 0 0 0 0 0 0 0 0 0 0 0 0 0 0 0 0 0 0 0 0 0 0 0 0 0 0 0 0 0 0 0 0 0 0 0 0 0 0 0 0 0 0 0 1 1 0 1 0 0 0 0 0 0 0 0 0 0 0 1 0 0 0 1 0 0 0 0 0 0 0 0 0 0 0 1 0 1 0 0 0 0 0 0 0 0 1 0 0 0 0 0 0 0 1
0 0 0 0 0 0 0 0 0 0 0 0 0 0 0 0 0 0 0 0 0 0 0 0 0 0 0 0 0 0 0 0 0 0 0 0 0 0 0 0 0 0 0 0 0 0 0 0 0 0 0 0 0 0 0 0 0 0 1 0 0 0 0 0 0 1 1 0 0 0 0 0 0 1 0 0 0 0 0 0 0 0 0 0 0 0 1 0 0 0 0 0 0 0 0 0 1 1 0 0
0 0 0 0 0 0 0 0 0 0 0 0 0 0 0 0 0 0 0 0 0 0 0 0 0 0 0 0 0 0 0 0 0 0 0 0 0 0 0 0 0 0 0 0 0 0 0 1 0 1 1 0 0 0 1 0 0 1 1 0 0 0 0 0 0 0 0 1 0 0 0 1 0 0 0 1 0 0 1 0 0 0 0 0 0 0 1 0 0 0 1 1 0 0 1 0 0 0 0 1
0 0 0 0 0 0 0 0 0 0 0 0 0 0 0 0 0 0 0 0 0 0 0 0 0 0 0 0 0 0 0 0 0 0 0 0 0 0 0 0 0 0 0 0 0 0 0 1 0 0 0 0 0 0 0 0 0 1 0 0 0 0 0 0 1 0 1 1 0 0 0 1 0 0 0 0 0 0 0 0 0 0 1 0 0 0 0 0 0 0 2 0 0 0 0 0 0 0 0 1
0 0 0 0 0 0 0 0 0 0 0 0 0 0 0 0 0 0 0 0 0 0 0 0 0 0 0 0 0 0 0 0 0 0 0 0 0 0 0 0 0 0 0 0 0 0 0 0 0 0 0 0 1 0 0 0 0 1 1 0 1 2 0 1 1 1 0 0 0 1 0 0 0 0 0 1 0 0 1 0 0 1 0 0 0 0 0 2 0 0 0 1 1 1 0 0 0 1 0 0
0 0 0 0 0 0 0 0 0 0 0 0 0 0 0 0 0 0 0 0 0 0 0 0 0 0 0 0 0 0 0 0 0 0 0 0 0 0 0 0 0 0 0 0 0 0 0 1 0 1 0 1 0 1 0 0 3 0 1 0 0 0 1 0 0 0 0 0 0 0 0 0 0 0 0 0 0 1 0 0 0 0 0 0 0 0 0 0 0 0 0 0 0 0 0 0 0 0 0 0
0 0 0 0 0 0 0 0 0 0 0 0 0 0 0 0 0 0 0 0 0 0 0 0 0 0 0 0 0 0 0 0 0 0 0 0 0 0 0 0 0 0 0 0 0 0 0 1 0 0 0 0 0 1 0 0 0 1 0 0 0 0 0 0 0 0 1 0 0 2 1 0 0 1 0 1 0 0 0 0 0 0 0 0 0 0 0 0 0 0 0 0 0 1 0 0 1 0 0 0
0 0 0 0 0 0 0 0 0 0 0 0 0 0 0 0 0 0 0 0 0 0 0 0 0 0 0 0 0 0 0 0 0 0 0 0 0 0 0 0 0 0 0 0 0 0 0 0 0 0 1 0 0 0 0 1 0 2 1 0 0 0 1 0 0 0 0 1 0 0 0 0 0 1 0 0 1 0 0 0 0 0 0 0 0 0 0 0 0 0 0 0 0 0 0 0 1 0 0 0
0 0 0 0 0 0 0 0 0 0 0 0 0 0 0 0 0 0 0 0 0 0 0 0 0 0 0 0 0 0 0 0 0 0 0 0 0 0 0 0 0 0 0 0 0 0 0 0 1 0 0 1 1 0 0 2 0 0 0 0 1 0 0 0 0 1 0 0 1 0 1 0 0 0 0 0 0 0 0 1 1 0 0 0 0 0 0 0 0 0 0 0 0 0 0 0 0 0 0 0
0 0 0 0 0 0 0 0 0 0 0 0 0 0 0 0 0 0 0 0 0 0 0 0 0 0 0 0 0 0 0 0 0 0 0 0 0 0 0 0 0 0 0 0 0 0 0 0 0 0 0 0 0 1 1 0 0 1 0 0 0 0 0 0 0 0 0 0 0 1 1 1 0 0 0 0 0 0 0 0 0 0 2 0 0 0 0 0 0 0 0 1 0 0 2 0 1 1 0 0
0 0 0 0 0 0 0 0 0 0 0 0 0 0 0 0 0 0 0 0 0 0 0 0 0 0 0 0 0 0 0 0 0 0 0 0 0 0 0 0 0 0 0 0 0 0 0 1 0 1 1 0 0 2 0 1 1 0 0 1 0 0 1 1 0 0 0 0 0 1 0 1 0 0 0 1 0 0 0 0 0 0 0 0 0 0 0 0 0 0 0 1 0 0 0 0 0 0 0 0
0 0 0 0 0 0 0 0 0 0 0 0 0 0 0 0 0 0 0 0 0 0 0 0 0 0 0 0 0 0 0 0 0 0 0 0 0 0 0 0 0 0 0 0 0 0 0 1 0 0 0 0 0 0 0 0 0 0 0 0 0 1 0 0 0 1 0 0 0 0 0 0 0 0 0 0 0 0 0 0 0 0 0 0 0 0 0 0 0 0 1 0 0 1 0 0 0 1 0 0
0 0 0 0 0 0 0 0 0 0 0 0 0 0 0 0 0 0 0 0 0 0 0 0 0 0 0 0 0 0 0 0 0 0 0 0 0 0 0 0 0 0 0 0 0 0 0 0 1 0 0 0 0 0 0 0 0 0 1 0 0 0 0 0 0 0 0 1 0 0 0 0 0 2 0 1 0 0 0 0 1 2 0 0 0 0 0 0 0 1 0 1 1 0 0 0 0 1 0 0
0 0 0 0 0 0 0 0 0 0 0 0 0 0 0 0 0 0 0 0 0 0 0 0 0 0 0 0 0 0 0 0 0 0 0 0 0 0 0 0 0 0 0 0 0 0 0 1 0 0 0 0 1 0 0 0 0 0 0 0 0 0 0 0 1 0 0 0 0 0 0 0 0 0 0 0 0 0 1 0 1 0 1 0 0 0 0 1 1 0 1 0 0 0 1 0 0 0 2 0
0 0 0 0 0 0 0 0 0 0 0 0 0 0 0 0 0 0 0 0 0 0 0 0 0 0 0 0 0 0 0 0 0 0 0 0 0 0 0 0 0 0 0 0 0 0 0 0 2 0 0 0 0 0 0 0 0 0 0 0 0 1 0 0 0 1 0 0 0 0 0 0 0 0 0 1 0 0 0 0 0 0 1 0 0 0 0 0 0 0 1 0 0 0 0 0 0 0 1 0
0 0 0 0 0 0 0 0 0 0 0 0 0 0 0 0 0 0 0 0 0 0 0 0 0 0 0 0 0 0 0 0 0 0 0 0 0 0 0 0 0 0 0 0 0 0 0 0 0 0 1 1 0 1 0 0 0 1 0 0 0 0 1 1 0 0 0 0 0 0 0 0 1 0 0 0 1 0 0 0 0 0 1 0 1 0 0 0 0 1 0 0 0 0 0 0 1 0 0 0
0 0 0 0 0 0 0 0 0 0 0 0 0 0 0 0 0 0 0 0 0 0 0 0 0 0 0 0 0 0 0 0 0 0 0 0 0 0 0 0 0 0 0 0 0 0 0 2 0 1 1 0 0 1 0 0 0 0 0 0 0 0 0 0 0 0 1 2 0 0 0 1 0 0 0 1 0 0 0 0 1 0 0 0 0 0 0 2 0 0 0 1 0 0 0 1 1 0 0 0
0 0 0 0 0 0 0 0 0 0 0 0 0 0 0 0 0 0 0 0 0 0 0 0 0 0 0 0 0 0 0 0 0 0 0 0 0 0 0 0 0 0 0 0 0 0 0 0 1 0 0 1 0 0 0 0 0 0 0 0 1 0 0 1 0 2 0 0 0 0 1 0 0 0 1 0 0 1 0 0 0 0 0 0 0 0 0 0 0 0 0 0 0 0 1 0 0 0 0 0
0 0 0 0 0 0 0 0 0 0 0 0 0 0 0 0 0 0 0 0 0 0 0 0 0 0 0 0 0 0 0 0 0 0 0 0 0 0 0 0 0 0 0 0 0 0 0 0 0 0 2 0 0 0 0 0 0 0 0 0 0 0 2 0 0 1 0 0 0 0 1 2 0 0 1 0 0 0 0 1 0 0 0 0 1 1 0 1 0 0 0 0 0 1 1 0 0 0 1 1
0 0 0 0 0 0 0 0 0 0 0 0 0 0 0 0 0 0 0 0 0 0 0 0 0 0 0 0 0 0 0 0 0 0 0 0 0 0 0 0 0 0 0 0 0 0 0 0 1 0 0 0 0 0 0 0 1 0 0 0 0 0 1 0 0 0 1 0 0 0 1 0 0 0 0 0 1 2 0 1 0 0 1 0 0 0 0 1 0 1 1 0 0 0 0 0 0 0 0 0
0 0 0 0 0 0 0 0 0 0 0 0 0 0 0 0 0 0 0 0 0 0 0 0 0 0 0 0 0 0 0 0 0 0 0 0 0 0 0 0 0 0 0 0 0 0 0 0 1 0 0 0 0 0 0 0 1 0 0 0 0 1 0 0 0 0 0 0 0 0 0 0 0 0 0 0 0 0 0 0 0 0 0 0 0 0 0 0 0 0 0 2 1 0 0 0 1 0 0 0
0 0 0 0 0 0 0 0 0 0 0 0 0 0 0 0 0 0 0 0 0 0 0 0 0 0 0 0 0 0 0 0 0 0 0 0 0 0 0 0 0 0 0 0 0 0 0 0 0 0 0 0 0 0 1 0 1 0 0 0 1 0 0 1 0 0 0 0 0 0 0 0 0 1 1 1 0 0 1 0 1 1 0 0 0 0 0 0 0 0 0 0 0 0 0 0 1 0 0 0
[[0 0 0 ... 0 0 0]
 [0 0 1 ... 0 0 0]
 [0 1 0 ... 0 0 0]
 ...
 [0 0 0 ... 0 0 0]
 [0 0 0 ... 0 0 0]
 [0 0 0 ... 0 0 0]]
0: [(12, np.int64(1)), (13, np.int64(1)), (22, np.int64(1)), (25, np.int64(1))]
1: [(2, np.int64(1)), (4, np.int64(1)), (28, np.int64(1)), (42, np.int64(2))]
2: [(1, np.int64(1)), (8, np.int64(1)), (20, np.int64(1)), (23, np.int64(1)), (41, np.int64(1))]
3: [(28, np.int64(1)), (37, np.int64(1))]
4: [(1, np.int64(1)), (9, np.int64(1)), (13, np.int64(1)), (31, np.int64(1)), (35, np.int64(1)), (45, np.int64(1))]
5: [(26, np.int64(1)), (36, np.int64(1))]
6: [(20, np.int64(1)), (22, np.int64(1)), (35, np.int64(1)), (39, np.int64(1)), (42, np.int64(1))]
7: [(17, np.int64(1)), (19, np.int64(1)), (22, np.int64(1)), (24, np.int64(1)), (32, np.int64(1))]
8: [(2, np.int64(1)), (10, np.int64(1)), (11, np.int64(1)), (27, np.int64(1)), (29, np.int64(1)), (38, np.int64(1))]
9: [(4, np.int64(1)), (13, np.int64(1)), (29, np.int64(1)), (34, np.int64(1)), (39, np.int64(1))]
10: [(8, np.int64(1)), (11, np.int64(1)), (12, np.int64(1)), (32, np.int64(1))]
11: [(8, np.int64(1)), (10, np.int64(1)), (19, np.int64(1)), (26, np.int64(1)), (29, np.int64(1)), (35, np.int64(1)), (39, np.int64(1))]
12: [(0, np.int64(1)), (10, np.int64(1)), (13, np.int64(1)), (17, np.int64(1)), (31, np.int64(1)), (42, np.int64(1))]
13: [(0, np.int64(1)), (4, np.int64(1)), (9, np.int64(1)), (12, np.int64(1)), (15, np.int64(1)), (16, np.int64(1)), (22, np.int64(1)), (24, np.int64(1))]
14: [(15, np.int64(1)), (30, np.int64(1))]
15: [(13, np.int64(1)), (14, np.int64(1)), (17, np.int64(1)), (25, np.int64(1))]
16: [(13, np.int64(1)), (21, np.int64(1)), (36, np.int64(1)), (44, np.int64(1))]
17: [(7, np.int64(1)), (12, np.int64(1)), (15, np.int64(1)), (27, np.int64(1)), (30, np.int64(1)), (39, np.int64(1))]
18: [(22, np.int64(1)), (23, np.int64(1)), (26, np.int64(1))]
19: [(7, np.int64(1)), (11, np.int64(1)), (26, np.int64(1)), (32, np.int64(1)), (37, np.int64(1)), (42, np.int64(1))]
20: [(2, np.int64(1)), (6, np.int64(1)), (23, np.int64(1))]
21: [(16, np.int64(1)), (22, np.int64(1)), (33, np.int64(1)), (44, np.int64(1))]
22: [(0, np.int64(1)), (6, np.int64(1)), (7, np.int64(1)), (13, np.int64(1)), (18, np.int64(1)), (21, np.int64(1))]
23: [(2, np.int64(1)), (18, np.int64(1)), (20, np.int64(1)), (25, np.int64(1))]
24: [(7, np.int64(1)), (13, np.int64(1)), (43, np.int64(1)), (46, np.int64(1))]
25: [(0, np.int64(1)), (15, np.int64(1)), (23, np.int64(1)), (27, np.int64(1)), (46, np.int64(1))]
26: [(5, np.int64(1)), (11, np.int64(1)), (18, np.int64(1)), (19, np.int64(1)), (38, np.int64(1)), (41, np.int64(1))]
27: [(8, np.int64(1)), (17, np.int64(1)), (25, np.int64(1))]
28: [(1, np.int64(1)), (3, np.int64(1)), (29, np.int64(1))]
29: [(8, np.int64(1)), (9, np.int64(1)), (11, np.int64(1)), (28, np.int64(1)), (42, np.int64(1))]
30: [(14, np.int64(1)), (17, np.int64(1)), (31, np.int64(1))]
31: [(4, np.int64(1)), (12, np.int64(1)), (30, np.int64(1)), (34, np.int64(1))]
32: [(7, np.int64(1)), (10, np.int64(1)), (19, np.int64(1))]
33: [(21, np.int64(1)), (35, np.int64(1)), (41, np.int64(1))]
34: [(9, np.int64(1)), (31, np.int64(1)), (38, np.int64(1))]
35: [(4, np.int64(1)), (6, np.int64(1)), (11, np.int64(1)), (33, np.int64(1)), (44, np.int64(1))]
36: [(5, np.int64(1)), (16, np.int64(1))]
37: [(3, np.int64(1)), (19, np.int64(1)), (41, np.int64(1)), (43, np.int64(1)), (46, np.int64(1))]
38: [(8, np.int64(1)), (26, np.int64(1)), (34, np.int64(1)), (40, np.int64(1))]
39: [(6, np.int64(1)), (9, np.int64(1)), (11, np.int64(1)), (17, np.int64(1)), (40, np.int64(1)), (44, np.int64(1)), (45, np.int64(1))]
40: [(38, np.int64(1)), (39, np.int64(1)), (42, np.int64(1)), (44, np.int64(1))]
41: [(2, np.int64(1)), (26, np.int64(1)), (33, np.int64(1)), (37, np.int64(1))]
42: [(1, np.int64(2)), (6, np.int64(1)), (12, np.int64(1)), (19, np.int64(1)), (29, np.int64(1)), (40, np.int64(1))]
43: [(24, np.int64(1)), (37, np.int64(1))]
44: [(16, np.int64(1)), (21, np.int64(1)), (35, np.int64(1)), (39, np.int64(1)), (40, np.int64(1))]
45: [(4, np.int64(1)), (39, np.int64(1)), (46, np.int64(1))]
46: [(24, np.int64(1)), (25, np.int64(1)), (37, np.int64(1)), (45, np.int64(1))]
47: [(49, np.int64(1)), (52, np.int64(1)), (54, np.int64(1)), (56, np.int64(1)), (80, np.int64(1)), (81, np.int64(1)), (83, np.int64(1)), (84, np.int64(1)), (88, np.int64(1)), (89, np.int64(1)), (91, np.int64(1)), (94, np.int64(2))]
48: [(49, np.int64(1)), (50, np.int64(1)), (56, np.int64(1)), (60, np.int64(1)), (62, np.int64(1)), (65, np.int64(1)), (73, np.int64(1)), (86, np.int64(1)), (90, np.int64(1)), (92, np.int64(2)), (95, np.int64(1)), (97, np.int64(1)), (98, np.int64(1))]
49: [(47, np.int64(1)), (48, np.int64(1)), (50, np.int64(1)), (54, np.int64(1)), (55, np.int64(1)), (56, np.int64(1)), (61, np.int64(2)), (65, np.int64(1)), (67, np.int64(1)), (72, np.int64(1)), (73, np.int64(2)), (78, np.int64(1)), (80, np.int64(1)), (83, np.int64(1)), (88, np.int64(1)), (94, np.int64(1))]
50: [(48, np.int64(1)), (49, np.int64(1)), (55, np.int64(3)), (69, np.int64(1)), (78, np.int64(1)), (80, np.int64(1)), (85, np.int64(1)), (88, np.int64(1)), (93, np.int64(1)), (94, np.int64(1)), (96, np.int64(2))]
51: [(60, np.int64(1)), (75, np.int64(1)), (77, np.int64(1)), (83, np.int64(1)), (86, np.int64(1)), (93, np.int64(1)), (95, np.int64(1))]
52: [(47, np.int64(1)), (59, np.int64(1)), (60, np.int64(1)), (64, np.int64(1)), (70, np.int64(1)), (73, np.int64(1)), (74, np.int64(1)), (75, np.int64(2)), (77, np.int64(1)), (78, np.int64(1)), (82, np.int64(1)), (86, np.int64(1)), (91, np.int64(1))]
53: [(62, np.int64(1)), (63, np.int64(2)), (77, np.int64(1)), (83, np.int64(1)), (84, np.int64(1)), (87, np.int64(1)), (88, np.int64(2)), (93, np.int64(1)), (94, np.int64(1))]
54: [(47, np.int64(1)), (49, np.int64(1)), (56, np.int64(1)), (57, np.int64(1)), (59, np.int64(1)), (60, np.int64(1)), (63, np.int64(2)), (65, np.int64(1)), (68, np.int64(1)), (69, np.int64(1)), (75, np.int64(1)), (80, np.int64(1)), (87, np.int64(1)), (99, np.int64(1))]
55: [(49, np.int64(1)), (50, np.int64(3)), (59, np.int64(1)), (60, np.int64(1)), (63, np.int64(1)), (69, np.int64(1)), (72, np.int64(1)), (75, np.int64(1)), (85, np.int64(1)), (86, np.int64(2)), (88, np.int64(1))]
56: [(47, np.int64(1)), (48, np.int64(1)), (49, np.int64(1)), (54, np.int64(1)), (58, np.int64(2)), (61, np.int64(1)), (64, np.int64(1)), (70, np.int64(2)), (74, np.int64(1)), (76, np.int64(1)), (83, np.int64(3)), (88, np.int64(1)), (97, np.int64(1)), (98, np.int64(1)), (99, np.int64(1))]
57: [(54, np.int64(1)), (58, np.int64(1)), (60, np.int64(1)), (61, np.int64(1)), (63, np.int64(1)), (64, np.int64(1)), (71, np.int64(1)), (72, np.int64(1)), (74, np.int64(1)), (80, np.int64(1)), (81, np.int64(1)), (82, np.int64(1)), (84, np.int64(1)), (85, np.int64(2)), (87, np.int64(1)), (93, np.int64(1))]
58: [(56, np.int64(2)), (57, np.int64(1)), (60, np.int64(2)), (63, np.int64(1)), (77, np.int64(1)), (79, np.int64(1)), (80, np.int64(1)), (82, np.int64(1)), (83, np.int64(1)), (85, np.int64(1)), (90, np.int64(1))]
59: [(52, np.int64(1)), (54, np.int64(1)), (55, np.int64(1)), (60, np.int64(1)), (64, np.int64(1)), (66, np.int64(1)), (70, np.int64(1)), (74, np.int64(1)), (75, np.int64(1)), (76, np.int64(1)), (77, np.int64(1)), (88, np.int64(1))]
60: [(48, np.int64(1)), (51, np.int64(1)), (52, np.int64(1)), (54, np.int64(1)), (55, np.int64(1)), (57, np.int64(1)), (58, np.int64(2)), (59, np.int64(1)), (69, np.int64(1)), (72, np.int64(1)), (76, np.int64(1)), (77, np.int64(2)), (82, np.int64(1)), (86, np.int64(1)), (95, np.int64(1)), (99, np.int64(1))]
61: [(49, np.int64(2)), (56, np.int64(1)), (57, np.int64(1)), (66, np.int64(1)), (67, np.int64(1)), (68, np.int64(1)), (69, np.int64(1)), (73, np.int64(1)), (82, np.int64(2)), (89, np.int64(1)), (92, np.int64(1)), (98, np.int64(1))]
62: [(48, np.int64(1)), (53, np.int64(1)), (65, np.int64(1)), (83, np.int64(1)), (85, np.int64(1)), (88, np.int64(1)), (93, np.int64(1)), (96, np.int64(2)), (97, np.int64(1))]
63: [(53, np.int64(2)), (54, np.int64(2)), (55, np.int64(1)), (57, np.int64(1)), (58, np.int64(1)), (65, np.int64(1)), (71, np.int64(1)), (72, np.int64(1)), (73, np.int64(1)), (74, np.int64(1)), (75, np.int64(1)), (82, np.int64(1)), (88, np.int64(1)), (93, np.int64(1)), (95, np.int64(1)), (99, np.int64(1))]
64: [(52, np.int64(1)), (56, np.int64(1)), (57, np.int64(1)), (59, np.int64(1)), (69, np.int64(1)), (73, np.int64(1)), (77, np.int64(1)), (78, np.int64(1)), (81, np.int64(1)), (82, np.int64(1)), (91, np.int64(1))]
65: [(48, np.int64(1)), (49, np.int64(1)), (54, np.int64(1)), (62, np.int64(1)), (63, np.int64(1)), (66, np.int64(1)), (70, np.int64(1)), (79, np.int64(1)), (82, np.int64(1)), (86, np.int64(1)), (89, np.int64(1)), (92, np.int64(1)), (95, np.int64(2)), (96, np.int64(1))]
66: [(59, np.int64(1)), (61, np.int64(1)), (65, np.int64(1)), (67, np.int64(1)), (70, np.int64(1)), (72, np.int64(1)), (79, np.int64(1)), (81, np.int64(1)), (84, np.int64(1)), (94, np.int64(1)), (97, np.int64(1))]
67: [(49, np.int64(1)), (61, np.int64(1)), (66, np.int64(1)), (69, np.int64(1)), (71, np.int64(1)), (74, np.int64(1)), (75, np.int64(1)), (80, np.int64(1)), (81, np.int64(1)), (85, np.int64(1)), (90, np.int64(1)), (94, np.int64(2))]
68: [(54, np.int64(1)), (61, np.int64(1)), (70, np.int64(1)), (71, np.int64(1)), (75, np.int64(1)), (76, np.int64(2)), (77, np.int64(1)), (78, np.int64(1)), (86, np.int64(1))]
69: [(50, np.int64(1)), (54, np.int64(1)), (55, np.int64(1)), (60, np.int64(1)), (61, np.int64(1)), (64, np.int64(1)), (67, np.int64(1)), (77, np.int64(1)), (82, np.int64(1)), (84, np.int64(2)), (87, np.int64(1)), (88, np.int64(1))]
70: [(52, np.int64(1)), (56, np.int64(2)), (59, np.int64(1)), (65, np.int64(1)), (66, np.int64(1)), (68, np.int64(1)), (75, np.int64(1)), (84, np.int64(1)), (86, np.int64(1)), (87, np.int64(1)), (95, np.int64(1)), (96, np.int64(1)), (97, np.int64(1))]
71: [(57, np.int64(1)), (63, np.int64(1)), (67, np.int64(1)), (68, np.int64(1)), (80, np.int64(1)), (81, np.int64(1)), (87, np.int64(1)), (88, np.int64(1)), (94, np.int64(1)), (96, np.int64(2))]
72: [(49, np.int64(1)), (55, np.int64(1)), (57, np.int64(1)), (60, np.int64(1)), (63, np.int64(1)), (66, np.int64(1)), (74, np.int64(1)), (93, np.int64(1))]
73: [(48, np.int64(1)), (49, np.int64(2)), (52, np.int64(1)), (61, np.int64(1)), (63, np.int64(1)), (64, np.int64(1)), (75, np.int64(2)), (79, np.int64(1)), (84, np.int64(1)), (85, np.int64(1)), (90, np.int64(2)), (99, np.int64(1))]
74: [(52, np.int64(1)), (56, np.int64(1)), (57, np.int64(1)), (59, np.int64(1)), (63, np.int64(1)), (67, np.int64(1)), (72, np.int64(1)), (95, np.int64(1)), (96, np.int64(1)), (99, np.int64(1))]
75: [(51, np.int64(1)), (52, np.int64(2)), (54, np.int64(1)), (55, np.int64(1)), (59, np.int64(1)), (63, np.int64(1)), (67, np.int64(1)), (68, np.int64(1)), (70, np.int64(1)), (73, np.int64(2)), (80, np.int64(1)), (82, np.int64(1)), (84, np.int64(1)), (88, np.int64(1)), (90, np.int64(1)), (92, np.int64(1)), (94, np.int64(1)), (99, np.int64(1))]
76: [(56, np.int64(1)), (59, np.int64(1)), (60, np.int64(1)), (68, np.int64(2)), (85, np.int64(1)), (93, np.int64(1)), (97, np.int64(1))]
77: [(51, np.int64(1)), (52, np.int64(1)), (53, np.int64(1)), (58, np.int64(1)), (59, np.int64(1)), (60, np.int64(2)), (64, np.int64(1)), (68, np.int64(1)), (69, np.int64(1)), (83, np.int64(1)), (95, np.int64(1)), (97, np.int64(2))]
78: [(49, np.int64(1)), (50, np.int64(1)), (52, np.int64(1)), (64, np.int64(1)), (68, np.int64(1)), (80, np.int64(1)), (82, np.int64(1)), (91, np.int64(1)), (99, np.int64(1))]
79: [(58, np.int64(1)), (65, np.int64(1)), (66, np.int64(1)), (73, np.int64(1)), (86, np.int64(1)), (96, np.int64(1)), (97, np.int64(1))]
80: [(47, np.int64(1)), (49, np.int64(1)), (50, np.int64(1)), (54, np.int64(1)), (57, np.int64(1)), (58, np.int64(1)), (67, np.int64(1)), (71, np.int64(1)), (75, np.int64(1)), (78, np.int64(1)), (86, np.int64(1)), (90, np.int64(1)), (91, np.int64(1)), (94, np.int64(1)), (99, np.int64(1))]
81: [(47, np.int64(1)), (57, np.int64(1)), (64, np.int64(1)), (66, np.int64(1)), (67, np.int64(1)), (71, np.int64(1)), (82, np.int64(1)), (90, np.int64(2)), (99, np.int64(1))]
82: [(52, np.int64(1)), (57, np.int64(1)), (58, np.int64(1)), (60, np.int64(1)), (61, np.int64(2)), (63, np.int64(1)), (64, np.int64(1)), (65, np.int64(1)), (69, np.int64(1)), (75, np.int64(1)), (78, np.int64(1)), (81, np.int64(1)), (87, np.int64(2)), (91, np.int64(1)), (92, np.int64(1)), (93, np.int64(1)), (97, np.int64(1))]
83: [(47, np.int64(1)), (49, np.int64(1)), (51, np.int64(1)), (53, np.int64(1)), (56, np.int64(3)), (58, np.int64(1)), (62, np.int64(1)), (77, np.int64(1))]
84: [(47, np.int64(1)), (53, np.int64(1)), (57, np.int64(1)), (66, np.int64(1)), (69, np.int64(2)), (70, np.int64(1)), (73, np.int64(1)), (75, np.int64(1)), (93, np.int64(1)), (96, np.int64(1))]
85: [(50, np.int64(1)), (55, np.int64(1)), (57, np.int64(2)), (58, np.int64(1)), (62, np.int64(1)), (67, np.int64(1)), (73, np.int64(1)), (76, np.int64(1)), (96, np.int64(1))]
86: [(48, np.int64(1)), (51, np.int64(1)), (52, np.int64(1)), (55, np.int64(2)), (60, np.int64(1)), (65, np.int64(1)), (68, np.int64(1)), (70, np.int64(1)), (79, np.int64(1)), (80, np.int64(1))]
87: [(53, np.int64(1)), (54, np.int64(1)), (57, np.int64(1)), (69, np.int64(1)), (70, np.int64(1)), (71, np.int64(1)), (82, np.int64(2)), (91, np.int64(1)), (94, np.int64(2)), (96, np.int64(1)), (97, np.int64(1))]
88: [(47, np.int64(1)), (49, np.int64(1)), (50, np.int64(1)), (53, np.int64(2)), (55, np.int64(1)), (56, np.int64(1)), (59, np.int64(1)), (62, np.int64(1)), (63, np.int64(1)), (69, np.int64(1)), (71, np.int64(1)), (75, np.int64(1)), (91, np.int64(1))]
89: [(47, np.int64(1)), (61, np.int64(1)), (65, np.int64(1)), (90, np.int64(1)), (93, np.int64(1)), (97, np.int64(1))]
90: [(48, np.int64(1)), (58, np.int64(1)), (67, np.int64(1)), (73, np.int64(2)), (75, np.int64(1)), (80, np.int64(1)), (81, np.int64(2)), (89, np.int64(1)), (91, np.int64(1)), (92, np.int64(1)), (97, np.int64(1))]
91: [(47, np.int64(1)), (52, np.int64(1)), (64, np.int64(1)), (78, np.int64(1)), (80, np.int64(1)), (82, np.int64(1)), (87, np.int64(1)), (88, np.int64(1)), (90, np.int64(1)), (94, np.int64(1)), (98, np.int64(2))]
92: [(48, np.int64(2)), (61, np.int64(1)), (65, np.int64(1)), (75, np.int64(1)), (82, np.int64(1)), (90, np.int64(1)), (98, np.int64(1))]
93: [(50, np.int64(1)), (51, np.int64(1)), (53, np.int64(1)), (57, np.int64(1)), (62, np.int64(1)), (63, np.int64(1)), (72, np.int64(1)), (76, np.int64(1)), (82, np.int64(1)), (84, np.int64(1)), (89, np.int64(1)), (96, np.int64(1))]
94: [(47, np.int64(2)), (49, np.int64(1)), (50, np.int64(1)), (53, np.int64(1)), (66, np.int64(1)), (67, np.int64(2)), (71, np.int64(1)), (75, np.int64(1)), (80, np.int64(1)), (87, np.int64(2)), (91, np.int64(1)), (95, np.int64(1)), (96, np.int64(1))]
95: [(48, np.int64(1)), (51, np.int64(1)), (60, np.int64(1)), (63, np.int64(1)), (65, np.int64(2)), (70, np.int64(1)), (74, np.int64(1)), (77, np.int64(1)), (94, np.int64(1))]
96: [(50, np.int64(2)), (62, np.int64(2)), (65, np.int64(1)), (70, np.int64(1)), (71, np.int64(2)), (74, np.int64(1)), (79, np.int64(1)), (84, np.int64(1)), (85, np.int64(1)), (87, np.int64(1)), (93, np.int64(1)), (94, np.int64(1)), (98, np.int64(1)), (99, np.int64(1))]
97: [(48, np.int64(1)), (56, np.int64(1)), (62, np.int64(1)), (66, np.int64(1)), (70, np.int64(1)), (76, np.int64(1)), (77, np.int64(2)), (79, np.int64(1)), (82, np.int64(1)), (87, np.int64(1)), (89, np.int64(1)), (90, np.int64(1))]
98: [(48, np.int64(1)), (56, np.int64(1)), (61, np.int64(1)), (91, np.int64(2)), (92, np.int64(1)), (96, np.int64(1))]
99: [(54, np.int64(1)), (56, np.int64(1)), (60, np.int64(1)), (63, np.int64(1)), (73, np.int64(1)), (74, np.int64(1)), (75, np.int64(1)), (78, np.int64(1)), (80, np.int64(1)), (81, np.int64(1)), (96, np.int64(1))]
