numV: 50, numA: 150, seed: 10, n: 1
[] [] [77] [] [] [] [] [] [] [] [] [] [] [89, 91] [] [] [] [] [] [] [] [] [] [] [] [] [] [] [] [] [] [] [] [] [76] [] [] [] [] [] [] [] [] [] [] [] [] [] [] [74]
[] [] [] [] [] [] [] [91] [] [] [] [] [] [] [] [] [] [] [] [] [] [] [62] [] [] [] [] [] [] [] [] [] [] [] [] [] [] [] [] [88] [] [] [] [] [] [] [] [] [] []
[77] [] [] [] [] [] [] [] [] [] [] [] [] [] [] [54] [] [] [] [] [] [] [] [] [] [] [] [73] [] [] [] [99] [] [] [] [] [77] [] [55] [] [] [] [] [53] [] [72] [] [] [] []
[] [] [] [] [66] [] [] [90] [] [] [] [] [] [] [] [] [] [] [] [] [] [] [] [] [73] [] [] [] [] [] [] [] [] [] [] [] [] [] [] [] [] [] [] [] [] [] [] [] [] []
[] [] [] [66] [] [] [] [] [] [] [79] [] [] [] [] [89] [] [] [] [] [77] [] [] [] [] [] [] [] [] [] [] [] [] [] [] [] [] [] [] [] [] [98] [62] [] [] [] [] [] [] []
[] [] [] [] [] [] [] [] [] [] [] [] [] [] [90] [97] [] [] [68] [] [] [] [79] [] [] [] [] [] [] [] [] [] [78] [] [94] [] [] [68] [] [] [] [] [] [] [] [] [] [] [] []
[] [] [] [] [] [] [] [] [] [82] [] [] [] [81] [] [] [] [] [82, 66] [] [] [] [] [] [] [] [75] [] [] [] [] [] [] [] [] [] [] [] [] [] [] [] [] [] [82] [] [] [] [] [78]
[] [91] [] [90] [] [] [] [] [] [] [] [] [] [] [] [] [] [71] [86] [] [] [] [] [72] [] [] [] [] [] [] [] [] [] [] [] [] [] [] [] [] [] [] [] [] [] [] [] [] [] [96]
[] [] [] [] [] [] [] [] [] [] [] [] [] [] [54] [] [] [] [] [] [] [67] [] [] [] [] [80] [] [] [] [] [78] [] [] [] [] [] [] [] [] [] [] [] [] [] [] [] [] [] []
[] [] [] [] [] [] [82] [] [] [] [] [] [] [] [] [] [] [] [] [] [] [71] [] [] [80] [] [] [] [] [] [87] [] [] [80] [] [] [] [] [55] [94] [] [] [] [] [] [] [84] [] [] []
[] [] [] [] [79] [] [] [] [] [] [] [] [] [] [] [] [] [96] [] [] [] [] [] [] [73] [] [] [] [96] [] [] [] [75] [] [] [] [] [] [] [] [] [] [100, 60] [] [88] [] [] [] [77] []
[] [] [] [] [] [] [] [] [] [] [] [] [96] [] [] [] [] [] [] [76] [] [] [96] [] [] [] [] [] [] [] [] [] [] [86] [] [] [] [] [] [] [] [54] [] [] [] [] [] [] [] [88]
[] [] [] [] [] [] [] [] [] [] [] [96] [] [] [] [] [] [] [] [] [] [] [69] [] [] [51] [] [87] [] [] [] [] [] [] [] [] [] [] [] [] [] [70] [] [] [] [] [62] [] [] []
[89, 91] [] [] [] [] [] [81] [] [] [] [] [] [] [] [] [] [] [] [] [] [] [] [] [] [] [] [] [] [] [57] [] [] [] [] [] [70] [] [] [] [] [] [] [] [] [] [] [] [] [] []
[] [] [] [] [] [90] [] [] [54] [] [] [] [] [] [] [] [] [] [] [] [] [] [] [] [] [] [97] [75] [] [] [] [] [] [] [] [] [] [] [] [] [] [] [] [] [] [] [] [] [] []
[] [] [54] [] [89] [97] [] [] [] [] [] [] [] [] [] [] [] [] [] [] [] [] [] [98] [] [] [] [] [73] [] [] [] [] [] [] [] [] [] [] [] [] [] [] [] [] [68] [] [88, 61] [] [65]
[] [] [] [] [] [] [] [] [] [] [] [] [] [] [] [] [] [] [] [] [] [] [] [] [] [] [] [] [60] [] [] [] [] [] [] [] [] [69] [] [] [61] [] [] [] [] [] [56] [] [] []
[] [] [] [] [] [] [] [71] [] [] [96] [] [] [] [] [] [] [] [] [] [] [] [] [] [] [] [] [] [] [] [] [85] [] [100] [] [] [] [] [53] [] [] [] [] [64] [] [] [] [] [] []
[] [] [] [] [] [68] [82, 66] [86] [] [] [] [] [] [] [] [] [] [] [] [] [] [] [] [] [] [] [] [97] [] [] [] [] [] [] [] [] [] [] [] [] [] [] [] [] [] [] [] [] [] []
[] [] [] [] [] [] [] [] [] [] [] [76] [] [] [] [] [] [] [] [] [] [] [] [] [] [] [] [] [] [54] [] [] [] [] [76] [] [] [] [62] [] [] [] [] [86] [] [] [] [] [] []
[] [] [] [] [77] [] [] [] [] [] [] [] [] [] [] [] [] [] [] [] [] [86] [78] [] [] [] [] [] [] [] [] [] [] [] [] [] [] [87] [] [51] [] [75] [62] [] [] [] [] [] [] []
[] [] [] [] [] [] [] [] [67] [71] [] [] [] [] [] [] [] [] [] [] [86] [] [] [] [] [] [] [86] [62] [] [] [] [] [] [] [] [] [] [] [] [] [] [] [] [] [] [] [] [] []
[] [62] [] [] [] [79] [] [] [] [] [] [96] [69] [] [] [] [] [] [] [] [78] [] [] [] [] [] [] [] [] [] [] [] [] [] [83] [] [] [] [] [] [] [] [] [] [86] [] [] [] [] []
[] [] [] [] [] [] [] [72] [] [] [] [] [] [] [] [98] [] [] [] [] [] [] [] [] [] [] [] [] [] [] [] [] [] [] [] [] [99] [] [70, 78] [] [] [] [] [] [] [] [] [] [] []
[] [] [] [73] [] [] [] [] [] [80] [73] [] [] [] [] [] [] [] [] [] [] [] [] [] [] [53] [] [] [] [] [] [92] [] [] [] [] [] [] [] [] [] [] [] [] [] [] [] [] [] []
[] [] [] [] [] [] [] [] [] [] [] [] [51] [] [] [] [] [] [] [] [] [] [] [] [53] [] [] [] [] [94] [] [] [] [] [] [87] [] [53] [] [] [] [] [] [] [] [] [] [] [] []
[] [] [] [] [] [] [75] [] [80] [] [] [] [] [] [97] [] [] [] [] [] [] [] [] [] [] [] [] [52] [90] [] [] [] [86] [] [] [] [] [] [] [] [] [] [] [] [] [] [] [] [] []
[] [] [73] [] [] [] [] [] [] [] [] [] [87] [] [75] [] [] [] [97] [] [] [86] [] [] [] [] [52] [] [75] [70] [88, 60] [] [] [] [] [] [] [] [] [] [] [] [] [] [] [] [] [] [] []
[] [] [] [] [] [] [] [] [] [] [96] [] [] [] [] [73] [60] [] [] [] [] [62] [] [] [] [] [90] [75] [] [] [] [] [] [] [60] [99, 60, 80] [] [] [] [] [] [] [] [] [] [] [] [] [] []
[] [] [] [] [] [] [] [] [] [] [] [] [] [57] [] [] [] [] [] [54] [] [] [] [] [] [94] [] [70] [] [] [] [82] [] [] [] [] [] [] [88] [] [] [] [] [] [100] [] [] [72] [] []
[] [] [] [] [] [] [] [] [] [87] [] [] [] [] [] [] [] [] [] [] [] [] [] [] [] [] [] [88, 60] [] [] [] [] [] [51] [] [] [] [] [] [] [96] [] [] [] [] [] [] [] [] [84, 91]
[] [] [99] [] [] [] [] [] [78] [] [] [] [] [] [] [] [] [85] [] [] [] [] [] [] [92] [] [] [] [] [82] [] [] [] [] [] [] [] [] [72] [] [] [] [] [55, 75] [] [] [] [] [] []
[] [] [] [] [] [78] [] [] [] [] [75] [] [] [] [] [] [] [] [] [] [] [] [] [] [] [] [86] [] [] [] [] [] [] [] [] [] [] [] [] [] [] [] [] [] [] [] [] [] [] [86]
[] [] [] [] [] [] [] [] [] [80] [] [86] [] [] [] [] [] [100] [] [] [] [] [] [] [] [] [] [] [] [] [51] [] [] [] [] [] [] [] [] [] [] [72, 72] [] [] [] [] [53] [] [59] []
[76] [] [] [] [] [94] [] [] [] [] [] [] [] [] [] [] [] [] [] [76] [] [] [83] [] [] [] [] [] [60] [] [] [] [] [] [] [] [] [78] [] [] [] [] [] [] [] [] [] [95] [] []
[] [] [] [] [] [] [] [] [] [] [] [] [] [70] [] [] [] [] [] [] [] [] [] [] [] [87] [] [] [99, 60, 80] [] [] [] [] [] [] [] [] [] [] [] [] [] [] [] [] [] [] [] [] [89]
[] [] [77] [] [] [] [] [] [] [] [] [] [] [] [] [] [] [] [] [] [] [] [] [99] [] [] [] [] [] [] [] [] [] [] [] [] [] [78] [] [] [] [] [] [] [] [] [] [] [] []
[] [] [] [] [] [68] [] [] [] [] [] [] [] [] [] [] [69] [] [] [] [87] [] [] [] [] [53] [] [] [] [] [] [] [] [] [78] [] [78] [] [] [] [] [] [] [] [] [96] [] [] [] []
[] [] [55] [] [] [] [] [] [] [55] [] [] [] [] [] [] [] [53] [] [62] [] [] [] [70, 78] [] [] [] [] [] [88] [] [72] [] [] [] [] [] [] [] [] [] [] [] [85] [] [] [] [] [] []
[] [88] [] [] [] [] [] [] [] [94] [] [] [] [] [] [] [] [] [] [] [51] [] [] [] [] [] [] [] [] [] [] [] [] [] [] [] [] [] [] [] [] [] [77] [] [] [] [] [] [] []
[] [] [] [] [] [] [] [] [] [] [] [] [] [] [] [] [61] [] [] [] [] [] [] [] [] [] [] [] [] [] [96] [] [] [] [] [] [] [] [] [] [] [] [] [] [] [] [] [] [] []
[] [] [] [] [98] [] [] [] [] [] [] [54] [70] [] [] [] [] [] [] [] [75] [] [] [] [] [] [] [] [] [] [] [] [] [72, 72] [] [] [] [] [] [] [] [] [] [] [] [] [] [] [] []
[] [] [] [] [62] [] [] [] [] [] [100, 60] [] [] [] [] [] [] [] [] [] [62] [] [] [] [] [] [] [] [] [] [] [] [] [] [] [] [] [] [] [77] [] [] [] [] [] [74] [] [71] [] []
[] [] [53] [] [] [] [] [] [] [] [] [] [] [] [] [] [] [64] [] [86] [] [] [] [] [] [] [] [] [] [] [] [55, 75] [] [] [] [] [] [] [85] [] [] [] [] [] [] [] [] [56] [] []
[] [] [] [] [] [] [82] [] [] [] [88] [] [] [] [] [] [] [] [] [] [] [] [86] [] [] [] [] [] [] [100] [] [] [] [] [] [] [] [] [] [] [] [] [] [] [] [] [] [] [79] []
[] [] [72] [] [] [] [] [] [] [] [] [] [] [] [] [68] [] [] [] [] [] [] [] [] [] [] [] [] [] [] [] [] [] [] [] [] [] [96] [] [] [] [] [74] [] [] [] [] [] [] []
[] [] [] [] [] [] [] [] [] [84] [] [] [62] [] [] [] [56] [] [] [] [] [] [] [] [] [] [] [] [] [] [] [] [] [53] [] [] [] [] [] [] [] [] [] [] [] [] [] [] [] []
[] [] [] [] [] [] [] [] [] [] [] [] [] [] [] [88, 61] [] [] [] [] [] [] [] [] [] [] [] [] [] [72] [] [] [] [] [95] [] [] [] [] [] [] [] [71] [56] [] [] [] [] [] []
[] [] [] [] [] [] [] [] [] [] [77] [] [] [] [] [] [] [] [] [] [] [] [] [] [] [] [] [] [] [] [] [] [] [59] [] [] [] [] [] [] [] [] [] [] [79] [] [] [] [] []
[74] [] [] [] [] [] [78] [96] [] [] [] [88] [] [] [] [65] [] [] [] [] [] [] [] [] [] [] [] [] [] [] [84, 91] [] [86] [] [] [89] [] [] [] [] [] [] [] [] [] [] [] [] [] []
[[[], [], [77], [], [], [], [], [], [], [], [], [], [], [89, 91], [], [], [], [], [], [], [], [], [], [], [], [], [], [], [], [], [], [], [], [], [76], [], [], [], [], [], [], [], [], [], [], [], [], [], [], [74]], [[], [], [], [], [], [], [], [91], [], [], [], [], [], [], [], [], [], [], [], [], [], [], [62], [], [], [], [], [], [], [], [], [], [], [], [], [], [], [], [], [88], [], [], [], [], [], [], [], [], [], []], [[77], [], [], [], [], [], [], [], [], [], [], [], [], [], [], [54], [], [], [], [], [], [], [], [], [], [], [], [73], [], [], [], [99], [], [], [], [], [77], [], [55], [], [], [], [], [53], [], [72], [], [], [], []], [[], [], [], [], [66], [], [], [90], [], [], [], [], [], [], [], [], [], [], [], [], [], [], [], [], [73], [], [], [], [], [], [], [], [], [], [], [], [], [], [], [], [], [], [], [], [], [], [], [], [], []], [[], [], [], [66], [], [], [], [], [], [], [79], [], [], [], [], [89], [], [], [], [], [77], [], [], [], [], [], [], [], [], [], [], [], [], [], [], [], [], [], [], [], [], [98], [62], [], [], [], [], [], [], []], [[], [], [], [], [], [], [], [], [], [], [], [], [], [], [90], [97], [], [], [68], [], [], [], [79], [], [], [], [], [], [], [], [], [], [78], [], [94], [], [], [68], [], [], [], [], [], [], [], [], [], [], [], []], [[], [], [], [], [], [], [], [], [], [82], [], [], [], [81], [], [], [], [], [82, 66], [], [], [], [], [], [], [], [75], [], [], [], [], [], [], [], [], [], [], [], [], [], [], [], [], [], [82], [], [], [], [], [78]], [[], [91], [], [90], [], [], [], [], [], [], [], [], [], [], [], [], [], [71], [86], [], [], [], [], [72], [], [], [], [], [], [], [], [], [], [], [], [], [], [], [], [], [], [], [], [], [], [], [], [], [], [96]], [[], [], [], [], [], [], [], [], [], [], [], [], [], [], [54], [], [], [], [], [], [], [67], [], [], [], [], [80], [], [], [], [], [78], [], [], [], [], [], [], [], [], [], [], [], [], [], [], [], [], [], []], [[], [], [], [], [], [], [82], [], [], [], [], [], [], [], [], [], [], [], [], [], [], [71], [], [], [80], [], [], [], [], [], [87], [], [], [80], [], [], [], [], [55], [94], [], [], [], [], [], [], [84], [], [], []], [[], [], [], [], [79], [], [], [], [], [], [], [], [], [], [], [], [], [96], [], [], [], [], [], [], [73], [], [], [], [96], [], [], [], [75], [], [], [], [], [], [], [], [], [], [100, 60], [], [88], [], [], [], [77], []], [[], [], [], [], [], [], [], [], [], [], [], [], [96], [], [], [], [], [], [], [76], [], [], [96], [], [], [], [], [], [], [], [], [], [], [86], [], [], [], [], [], [], [], [54], [], [], [], [], [], [], [], [88]], [[], [], [], [], [], [], [], [], [], [], [], [96], [], [], [], [], [], [], [], [], [], [], [69], [], [], [51], [], [87], [], [], [], [], [], [], [], [], [], [], [], [], [], [70], [], [], [], [], [62], [], [], []], [[89, 91], [], [], [], [], [], [81], [], [], [], [], [], [], [], [], [], [], [], [], [], [], [], [], [], [], [], [], [], [], [57], [], [], [], [], [], [70], [], [], [], [], [], [], [], [], [], [], [], [], [], []], [[], [], [], [], [], [90], [], [], [54], [], [], [], [], [], [], [], [], [], [], [], [], [], [], [], [], [], [97], [75], [], [], [], [], [], [], [], [], [], [], [], [], [], [], [], [], [], [], [], [], [], []], [[], [], [54], [], [89], [97], [], [], [], [], [], [], [], [], [], [], [], [], [], [], [], [], [], [98], [], [], [], [], [73], [], [], [], [], [], [], [], [], [], [], [], [], [], [], [], [], [68], [], [88, 61], [], [65]], [[], [], [], [], [], [], [], [], [], [], [], [], [], [], [], [], [], [], [], [], [], [], [], [], [], [], [], [], [60], [], [], [], [], [], [], [], [], [69], [], [], [61], [], [], [], [], [], [56], [], [], []], [[], [], [], [], [], [], [], [71], [], [], [96], [], [], [], [], [], [], [], [], [], [], [], [], [], [], [], [], [], [], [], [], [85], [], [100], [], [], [], [], [53], [], [], [], [], [64], [], [], [], [], [], []], [[], [], [], [], [], [68], [82, 66], [86], [], [], [], [], [], [], [], [], [], [], [], [], [], [], [], [], [], [], [], [97], [], [], [], [], [], [], [], [], [], [], [], [], [], [], [], [], [], [], [], [], [], []], [[], [], [], [], [], [], [], [], [], [], [], [76], [], [], [], [], [], [], [], [], [], [], [], [], [], [], [], [], [], [54], [], [], [], [], [76], [], [], [], [62], [], [], [], [], [86], [], [], [], [], [], []], [[], [], [], [], [77], [], [], [], [], [], [], [], [], [], [], [], [], [], [], [], [], [86], [78], [], [], [], [], [], [], [], [], [], [], [], [], [], [], [87], [], [51], [], [75], [62], [], [], [], [], [], [], []], [[], [], [], [], [], [], [], [], [67], [71], [], [], [], [], [], [], [], [], [], [], [86], [], [], [], [], [], [], [86], [62], [], [], [], [], [], [], [], [], [], [], [], [], [], [], [], [], [], [], [], [], []], [[], [62], [], [], [], [79], [], [], [], [], [], [96], [69], [], [], [], [], [], [], [], [78], [], [], [], [], [], [], [], [], [], [], [], [], [], [83], [], [], [], [], [], [], [], [], [], [86], [], [], [], [], []], [[], [], [], [], [], [], [], [72], [], [], [], [], [], [], [], [98], [], [], [], [], [], [], [], [], [], [], [], [], [], [], [], [], [], [], [], [], [99], [], [70, 78], [], [], [], [], [], [], [], [], [], [], []], [[], [], [], [73], [], [], [], [], [], [80], [73], [], [], [], [], [], [], [], [], [], [], [], [], [], [], [53], [], [], [], [], [], [92], [], [], [], [], [], [], [], [], [], [], [], [], [], [], [], [], [], []], [[], [], [], [], [], [], [], [], [], [], [], [], [51], [], [], [], [], [], [], [], [], [], [], [], [53], [], [], [], [], [94], [], [], [], [], [], [87], [], [53], [], [], [], [], [], [], [], [], [], [], [], []], [[], [], [], [], [], [], [75], [], [80], [], [], [], [], [], [97], [], [], [], [], [], [], [], [], [], [], [], [], [52], [90], [], [], [], [86], [], [], [], [], [], [], [], [], [], [], [], [], [], [], [], [], []], [[], [], [73], [], [], [], [], [], [], [], [], [], [87], [], [75], [], [], [], [97], [], [], [86], [], [], [], [], [52], [], [75], [70], [88, 60], [], [], [], [], [], [], [], [], [], [], [], [], [], [], [], [], [], [], []], [[], [], [], [], [], [], [], [], [], [], [96], [], [], [], [], [73], [60], [], [], [], [], [62], [], [], [], [], [90], [75], [], [], [], [], [], [], [60], [99, 60, 80], [], [], [], [], [], [], [], [], [], [], [], [], [], []], [[], [], [], [], [], [], [], [], [], [], [], [], [], [57], [], [], [], [], [], [54], [], [], [], [], [], [94], [], [70], [], [], [], [82], [], [], [], [], [], [], [88], [], [], [], [], [], [100], [], [], [72], [], []], [[], [], [], [], [], [], [], [], [], [87], [], [], [], [], [], [], [], [], [], [], [], [], [], [], [], [], [], [88, 60], [], [], [], [], [], [51], [], [], [], [], [], [], [96], [], [], [], [], [], [], [], [], [84, 91]], [[], [], [99], [], [], [], [], [], [78], [], [], [], [], [], [], [], [], [85], [], [], [], [], [], [], [92], [], [], [], [], [82], [], [], [], [], [], [], [], [], [72], [], [], [], [], [55, 75], [], [], [], [], [], []], [[], [], [], [], [], [78], [], [], [], [], [75], [], [], [], [], [], [], [], [], [], [], [], [], [], [], [], [86], [], [], [], [], [], [], [], [], [], [], [], [], [], [], [], [], [], [], [], [], [], [], [86]], [[], [], [], [], [], [], [], [], [], [80], [], [86], [], [], [], [], [], [100], [], [], [], [], [], [], [], [], [], [], [], [], [51], [], [], [], [], [], [], [], [], [], [], [72, 72], [], [], [], [], [53], [], [59], []], [[76], [], [], [], [], [94], [], [], [], [], [], [], [], [], [], [], [], [], [], [76], [], [], [83], [], [], [], [], [], [60], [], [], [], [], [], [], [], [], [78], [], [], [], [], [], [], [], [], [], [95], [], []], [[], [], [], [], [], [], [], [], [], [], [], [], [], [70], [], [], [], [], [], [], [], [], [], [], [], [87], [], [], [99, 60, 80], [], [], [], [], [], [], [], [], [], [], [], [], [], [], [], [], [], [], [], [], [89]], [[], [], [77], [], [], [], [], [], [], [], [], [], [], [], [], [], [], [], [], [], [], [], [], [99], [], [], [], [], [], [], [], [], [], [], [], [], [], [78], [], [], [], [], [], [], [], [], [], [], [], []], [[], [], [], [], [], [68], [], [], [], [], [], [], [], [], [], [], [69], [], [], [], [87], [], [], [], [], [53], [], [], [], [], [], [], [], [], [78], [], [78], [], [], [], [], [], [], [], [], [96], [], [], [], []], [[], [], [55], [], [], [], [], [], [], [55], [], [], [], [], [], [], [], [53], [], [62], [], [], [], [70, 78], [], [], [], [], [], [88], [], [72], [], [], [], [], [], [], [], [], [], [], [], [85], [], [], [], [], [], []], [[], [88], [], [], [], [], [], [], [], [94], [], [], [], [], [], [], [], [], [], [], [51], [], [], [], [], [], [], [], [], [], [], [], [], [], [], [], [], [], [], [], [], [], [77], [], [], [], [], [], [], []], [[], [], [], [], [], [], [], [], [], [], [], [], [], [], [], [], [61], [], [], [], [], [], [], [], [], [], [], [], [], [], [96], [], [], [], [], [], [], [], [], [], [], [], [], [], [], [], [], [], [], []], [[], [], [], [], [98], [], [], [], [], [], [], [54], [70], [], [], [], [], [], [], [], [75], [], [], [], [], [], [], [], [], [], [], [], [], [72, 72], [], [], [], [], [], [], [], [], [], [], [], [], [], [], [], []], [[], [], [], [], [62], [], [], [], [], [], [100, 60], [], [], [], [], [], [], [], [], [], [62], [], [], [], [], [], [], [], [], [], [], [], [], [], [], [], [], [], [], [77], [], [], [], [], [], [74], [], [71], [], []], [[], [], [53], [], [], [], [], [], [], [], [], [], [], [], [], [], [], [64], [], [86], [], [], [], [], [], [], [], [], [], [], [], [55, 75], [], [], [], [], [], [], [85], [], [], [], [], [], [], [], [], [56], [], []], [[], [], [], [], [], [], [82], [], [], [], [88], [], [], [], [], [], [], [], [], [], [], [], [86], [], [], [], [], [], [], [100], [], [], [], [], [], [], [], [], [], [], [], [], [], [], [], [], [], [], [79], []], [[], [], [72], [], [], [], [], [], [], [], [], [], [], [], [], [68], [], [], [], [], [], [], [], [], [], [], [], [], [], [], [], [], [], [], [], [], [], [96], [], [], [], [], [74], [], [], [], [], [], [], []], [[], [], [], [], [], [], [], [], [], [84], [], [], [62], [], [], [], [56], [], [], [], [], [], [], [], [], [], [], [], [], [], [], [], [], [53], [], [], [], [], [], [], [], [], [], [], [], [], [], [], [], []], [[], [], [], [], [], [], [], [], [], [], [], [], [], [], [], [88, 61], [], [], [], [], [], [], [], [], [], [], [], [], [], [72], [], [], [], [], [95], [], [], [], [], [], [], [], [71], [56], [], [], [], [], [], []], [[], [], [], [], [], [], [], [], [], [], [77], [], [], [], [], [], [], [], [], [], [], [], [], [], [], [], [], [], [], [], [], [], [], [59], [], [], [], [], [], [], [], [], [], [], [79], [], [], [], [], []], [[74], [], [], [], [], [], [78], [96], [], [], [], [88], [], [], [], [65], [], [], [], [], [], [], [], [], [], [], [], [], [], [], [84, 91], [], [86], [], [], [89], [], [], [], [], [], [], [], [], [], [], [], [], [], []]]
0: [(2, 77), (13, 89), (13, 91), (34, 76), (49, 74)]
1: [(7, 91), (22, 62), (39, 88)]
2: [(0, 77), (15, 54), (27, 73), (31, 99), (36, 77), (38, 55), (43, 53), (45, 72)]
3: [(4, 66), (7, 90), (24, 73)]
4: [(3, 66), (10, 79), (15, 89), (20, 77), (41, 98), (42, 62)]
5: [(14, 90), (15, 97), (18, 68), (22, 79), (32, 78), (34, 94), (37, 68)]
6: [(9, 82), (13, 81), (18, 82), (18, 66), (26, 75), (44, 82), (49, 78)]
7: [(1, 91), (3, 90), (17, 71), (18, 86), (23, 72), (49, 96)]
8: [(14, 54), (21, 67), (26, 80), (31, 78)]
9: [(6, 82), (21, 71), (24, 80), (30, 87), (33, 80), (38, 55), (39, 94), (46, 84)]
10: [(4, 79), (17, 96), (24, 73), (28, 96), (32, 75), (42, 100), (42, 60), (44, 88), (48, 77)]
11: [(12, 96), (19, 76), (22, 96), (33, 86), (41, 54), (49, 88)]
12: [(11, 96), (22, 69), (25, 51), (27, 87), (41, 70), (46, 62)]
13: [(0, 89), (0, 91), (6, 81), (29, 57), (35, 70)]
14: [(5, 90), (8, 54), (26, 97), (27, 75)]
15: [(2, 54), (4, 89), (5, 97), (23, 98), (28, 73), (45, 68), (47, 88), (47, 61), (49, 65)]
16: [(28, 60), (37, 69), (40, 61), (46, 56)]
17: [(7, 71), (10, 96), (31, 85), (33, 100), (38, 53), (43, 64)]
18: [(5, 68), (6, 82), (6, 66), (7, 86), (27, 97)]
19: [(11, 76), (29, 54), (34, 76), (38, 62), (43, 86)]
20: [(4, 77), (21, 86), (22, 78), (37, 87), (39, 51), (41, 75), (42, 62)]
21: [(8, 67), (9, 71), (20, 86), (27, 86), (28, 62)]
22: [(1, 62), (5, 79), (11, 96), (12, 69), (20, 78), (34, 83), (44, 86)]
23: [(7, 72), (15, 98), (36, 99), (38, 70), (38, 78)]
24: [(3, 73), (9, 80), (10, 73), (25, 53), (31, 92)]
25: [(12, 51), (24, 53), (29, 94), (35, 87), (37, 53)]
26: [(6, 75), (8, 80), (14, 97), (27, 52), (28, 90), (32, 86)]
27: [(2, 73), (12, 87), (14, 75), (18, 97), (21, 86), (26, 52), (28, 75), (29, 70), (30, 88), (30, 60)]
28: [(10, 96), (15, 73), (16, 60), (21, 62), (26, 90), (27, 75), (34, 60), (35, 99), (35, 60), (35, 80)]
29: [(13, 57), (19, 54), (25, 94), (27, 70), (31, 82), (38, 88), (44, 100), (47, 72)]
30: [(9, 87), (27, 88), (27, 60), (33, 51), (40, 96), (49, 84), (49, 91)]
31: [(2, 99), (8, 78), (17, 85), (24, 92), (29, 82), (38, 72), (43, 55), (43, 75)]
32: [(5, 78), (10, 75), (26, 86), (49, 86)]
33: [(9, 80), (11, 86), (17, 100), (30, 51), (41, 72), (41, 72), (46, 53), (48, 59)]
34: [(0, 76), (5, 94), (19, 76), (22, 83), (28, 60), (37, 78), (47, 95)]
35: [(13, 70), (25, 87), (28, 99), (28, 60), (28, 80), (49, 89)]
36: [(2, 77), (23, 99), (37, 78)]
37: [(5, 68), (16, 69), (20, 87), (25, 53), (34, 78), (36, 78), (45, 96)]
38: [(2, 55), (9, 55), (17, 53), (19, 62), (23, 70), (23, 78), (29, 88), (31, 72), (43, 85)]
39: [(1, 88), (9, 94), (20, 51), (42, 77)]
40: [(16, 61), (30, 96)]
41: [(4, 98), (11, 54), (12, 70), (20, 75), (33, 72), (33, 72)]
42: [(4, 62), (10, 100), (10, 60), (20, 62), (39, 77), (45, 74), (47, 71)]
43: [(2, 53), (17, 64), (19, 86), (31, 55), (31, 75), (38, 85), (47, 56)]
44: [(6, 82), (10, 88), (22, 86), (29, 100), (48, 79)]
45: [(2, 72), (15, 68), (37, 96), (42, 74)]
46: [(9, 84), (12, 62), (16, 56), (33, 53)]
47: [(15, 88), (15, 61), (29, 72), (34, 95), (42, 71), (43, 56)]
48: [(10, 77), (33, 59), (44, 79)]
49: [(0, 74), (6, 78), (7, 96), (11, 88), (15, 65), (30, 84), (30, 91), (32, 86), (35, 89)]
