numV: 14, numA: 25, seed: 10, n: 1
[] [] [] [] [] [] [] [] [] [] [] [] [] []
[] [] [] [] [] [] [] [] [] [] [] [] [] []
[308] [] [] [] [] [] [] [] [] [12] [130] [] [] []
[] [] [] [] [] [] [] [78] [] [] [] [109] [] []
[] [] [] [] [] [] [] [165] [] [] [284] [] [] []
[197] [132] [170] [] [] [] [351] [] [] [] [] [] [] []
[291] [] [] [] [240] [] [] [233] [] [] [] [] [] [250]
[] [] [] [] [] [] [] [] [] [43] [] [] [344] []
[] [] [] [] [] [] [] [309] [] [] [] [] [] []
[176, 266] [] [] [] [] [] [] [] [] [] [] [] [] []
[] [] [] [] [] [] [] [] [] [] [] [] [90] []
[] [] [] [] [] [] [] [] [] [] [] [] [] []
[] [] [] [] [] [] [] [] [] [] [] [] [] []
[] [] [] [124] [221] [] [] [132] [] [] [28] [] [] []
[[[], [], [], [], [], [], [], [], [], [], [], [], [], []], [[], [], [], [], [], [], [], [], [], [], [], [], [], []], [[308], [], [], [], [], [], [], [], [], [12], [130], [], [], []], [[], [], [], [], [], [], [], [78], [], [], [], [109], [], []], [[], [], [], [], [], [], [], [165], [], [], [284], [], [], []], [[197], [132], [170], [], [], [], [351], [], [], [], [], [], [], []], [[291], [], [], [], [240], [], [], [233], [], [], [], [], [], [250]], [[], [], [], [], [], [], [], [], [], [43], [], [], [344], []], [[], [], [], [], [], [], [], [309], [], [], [], [], [], []], [[176, 266], [], [], [], [], [], [], [], [], [], [], [], [], []], [[], [], [], [], [], [], [], [], [], [], [], [], [90], []], [[], [], [], [], [], [], [], [], [], [], [], [], [], []], [[], [], [], [], [], [], [], [], [], [], [], [], [], []], [[], [], [], [124], [221], [], [], [132], [], [], [28], [], [], []]]
0: []
1: []
2: [(0, 308), (9, 12), (10, 130)]
3: [(7, 78), (11, 109)]
4: [(7, 165), (10, 284)]
5: [(0, 197), (1, 132), (2, 170), (6, 351)]
6: [(0, 291), (4, 240), (7, 233), (13, 250)]
7: [(9, 43), (12, 344)]
8: [(7, 309)]
9: [(0, 176), (0, 266)]
10: [(12, 90)]
11: []
12: []
13: [(3, 124), (4, 221), (7, 132), (10, 28)]
