numV: 5, numA: 90, seed: 10, n: 1
[] [11, 10, 15, 14, 15, 17] [16, 13, 20, 14, 17] [14, 18, 17, 18] [14, 16, 17, 20, 15, 15, 14]
[17, 17, 17] [] [19, 17] [11, 18, 15, 16, 12, 19, 16, 19, 11] [19, 14, 10, 19]
[15, 20, 15] [11, 16, 19, 15] [] [14, 19, 12] [13, 12, 14, 11, 18, 10, 13, 19]
[11, 16, 13, 19, 19] [17, 19, 10, 16, 13, 15, 19] [13, 18, 19, 15] [] [10, 20, 19, 10]
[10, 19] [15, 16, 15] [19, 20, 12] [12, 11, 19, 15] []
[[[], [11, 10, 15, 14, 15, 17], [16, 13, 20, 14, 17], [14, 18, 17, 18], [14, 16, 17, 20, 15, 15, 14]], [[17, 17, 17], [], [19, 17], [11, 18, 15, 16, 12, 19, 16, 19, 11], [19, 14, 10, 19]], [[15, 20, 15], [11, 16, 19, 15], [], [14, 19, 12], [13, 12, 14, 11, 18, 10, 13, 19]], [[11, 16, 13, 19, 19], [17, 19, 10, 16, 13, 15, 19], [13, 18, 19, 15], [], [10, 20, 19, 10]], [[10, 19], [15, 16, 15], [19, 20, 12], [12, 11, 19, 15], []]]
0: [(1, 11), (1, 10), (1, 15), (1, 14), (1, 15), (1, 17), (2, 16), (2, 13), (2, 20), (2, 14), (2, 17), (3, 14), (3, 18), (3, 17), (3, 18), (4, 14), (4, 16), (4, 17), (4, 20), (4, 15), (4, 15), (4, 14)]
1: [(0, 17), (0, 17), (0, 17), (2, 19), (2, 17), (3, 11), (3, 18), (3, 15), (3, 16), (3, 12), (3, 19), (3, 16), (3, 19), (3, 11), (4, 19), (4, 14), (4, 10), (4, 19)]
2: [(0, 15), (0, 20), (0, 15), (1, 11), (1, 16), (1, 19), (1, 15), (3, 14), (3, 19), (3, 12), (4, 13), (4, 12), (4, 14), (4, 11), (4, 18), (4, 10), (4, 13), (4, 19)]
3: [(0, 11), (0, 16), (0, 13), (0, 19), (0, 19), (1, 17), (1, 19), (1, 10), (1, 16), (1, 13), (1, 15), (1, 19), (2, 13), (2, 18), (2, 19), (2, 15), (4, 10), (4, 20), (4, 19), (4, 10)]
4: [(0, 10), (0, 19), (1, 15), (1, 16), (1, 15), (2, 19), (2, 20), (2, 12), (3, 12), (3, 11), (3, 19), (3, 15)]
