numV: 100, numA: 450, seed: 1000, n: 1
0 0 0 0 1 0 1 0 0 0 0 0 0 0 1 0 0 0 0 1 0 0 0 0 0 0 0 0 1 0 0 0 0 0 0 0 1 0 0 0 0 0 0 0 0 0 0 0 0 0 0 0 0 0 0 0 0 0 0 0 0 0 0 0 0 0 0 0 0 0 0 0 0 0 0 0 0 0 0 0 0 0 0 0 0 0 0 0 0 0 0 0 0 0 0 0 0 0 0 0
0 0 0 0 0 1 0 0 0 0 0 0 1 0 0 0 0 0 0 0 0 0 0 0 0 0 0 0 0 0 0 0 0 0 0 0 1 0 0 0 0 0 0 0 0 0 0 0 0 0 0 0 0 0 0 0 0 0 0 0 0 0 0 0 0 0 0 0 0 0 0 0 0 0 0 0 0 0 0 0 0 0 0 0 0 0 0 0 0 0 0 0 0 0 0 0 0 0 0 0
0 0 0 0 0 0 0 0 0 0 0 0 0 0 0 0 0 0 0 0 0 0 0 0 0 0 0 0 0 0 0 0 0 1 0 0 1 0 0 0 1 0 0 0 0 0 0 0 0 0 0 0 0 0 0 0 0 0 0 0 0 0 0 0 0 0 0 0 0 0 0 0 0 0 0 0 0 0 0 0 0 0 0 0 0 0 0 0 0 0 0 0 0 0 0 0 0 0 0 0
0 0 0 0 0 0 0 0 0 0 1 0 0 0 0 0 0 0 0 0 0 0 0 0 0 0 0 0 0 0 0 0 1 0 0 0 0 0 0 0 0 0 0 1 1 0 0 0 0 0 0 0 0 0 0 0 0 0 0 0 0 0 0 0 0 0 0 0 0 0 0 0 0 0 0 0 0 0 0 0 0 0 0 0 0 0 0 0 0 0 0 0 0 0 0 0 0 0 0 0
1 0 0 0 0 0 0 0 1 0 0 1 0 0 0 0 0 0 0 0 0 0 0 0 0 0 0 0 0 0 0 0 0 0 1 0 0 0 0 0 1 0 0 0 0 0 0 0 0 0 0 0 0 0 0 0 0 0 0 0 0 0 0 0 0 0 0 0 0 0 0 0 0 0 0 0 0 0 0 0 0 0 0 0 0 0 0 0 0 0 0 0 0 0 0 0 0 0 0 0
0 1 0 0 0 0 0 0 1 0 0 0 0 1 0 0 0 0 0 0 0 0 0 0 0 0 0 0 0 0 0 1 0 0 1 0 0 0 1 0 0 0 0 0 0 0 0 0 0 0 0 0 0 0 0 0 0 0 0 0 0 0 0 0 0 0 0 0 0 0 0 0 0 0 0 0 0 0 0 0 0 0 0 0 0 0 0 0 0 0 0 0 0 0 0 0 0 0 0 0
1 0 0 0 0 0 0 0 0 0 0 0 0 0 0 0 0 0 0 0 0 1 0 0 0 0 0 0 0 0 0 0 0 0 0 0 0 0 0 0 0 0 0 1 1 0 0 0 0 0 0 0 0 0 0 0 0 0 0 0 0 0 0 0 0 0 0 0 0 0 0 0 0 0 0 0 0 0 0 0 0 0 0 0 0 0 0 0 0 0 0 0 0 0 0 0 0 0 0 0
0 0 0 0 0 0 0 0 0 0 0 0 0 1 0 0 0 0 0 0 0 0 0 0 0 0 0 1 0 0 0 0 0 0 0 0 0 0 0 0 0 0 0 0 0 0 0 0 1 0 0 0 0 0 0 0 0 0 0 0 0 0 0 0 0 0 0 0 0 0 0 0 0 0 0 0 0 0 0 0 0 0 0 0 0 0 0 0 0 0 0 0 0 0 0 0 0 0 0 0
0 0 0 0 1 1 0 0 0 1 0 0 0 0 0 0 0 0 0 0 0 0 0 0 1 0 0 0 0 0 0 0 0 0 0 1 0 0 0 0 0 0 0 1 0 0 0 0 0 0 0 0 0 0 0 0 0 0 0 0 0 0 0 0 0 0 0 0 0 0 0 0 0 0 0 0 0 0 0 0 0 0 0 0 0 0 0 0 0 0 0 0 0 0 0 0 0 0 0 0
0 0 0 0 0 0 0 0 1 0 1 0 0 0 0 0 0 0 0 0 0 0 0 1 0 0 0 0 0 0 0 0 0 0 0 0 0 0 0 0 0 0 0 0 0 0 0 0 0 0 0 0 0 0 0 0 0 0 0 0 0 0 0 0 0 0 0 0 0 0 0 0 0 0 0 0 0 0 0 0 0 0 0 0 0 0 0 0 0 0 0 0 0 0 0 0 0 0 0 0
0 0 0 1 0 0 0 0 0 1 0 0 0 0 0 0 0 0 1 0 0 0 0 0 0 0 0 0 0 1 1 0 0 0 0 0 0 0 0 0 0 0 0 0 0 0 0 0 0 0 0 0 0 0 0 0 0 0 0 0 0 0 0 0 0 0 0 0 0 0 0 0 0 0 0 0 0 0 0 0 0 0 0 0 0 0 0 0 0 0 0 0 0 0 0 0 0 0 0 0
0 0 0 0 1 0 0 0 0 0 0 0 0 0 0 0 0 0 0 0 0 0 0 0 0 1 0 0 0 0 1 0 0 0 0 0 0 0 0 0 0 0 0 1 0 0 0 0 0 0 0 0 0 0 0 0 0 0 0 0 0 0 0 0 0 0 0 0 0 0 0 0 0 0 0 0 0 0 0 0 0 0 0 0 0 0 0 0 0 0 0 0 0 0 0 0 0 0 0 0
0 1 0 0 0 0 0 0 0 0 0 0 0 0 0 0 0 0 0 0 0 0 1 0 0 0 0 0 0 0 0 0 0 0 0 0 0 0 0 0 0 0 0 0 0 0 0 0 0 0 0 0 0 0 0 0 0 0 0 0 0 0 0 0 0 0 0 0 0 0 0 0 0 0 0 0 0 0 0 0 0 0 0 0 0 0 0 0 0 0 0 0 0 0 0 0 0 0 0 0
0 0 0 0 0 1 0 1 0 0 0 0 0 0 0 0 0 2 0 0 0 0 0 0 0 0 0 0 0 0 0 0 0 0 0 0 0 0 0 0 0 0 0 0 0 1 1 0 0 0 0 0 0 0 0 0 0 0 0 0 0 0 0 0 0 0 0 0 0 0 0 0 0 0 0 0 0 0 0 0 0 0 0 0 0 0 0 0 0 0 0 0 0 0 0 0 0 0 0 0
1 0 0 0 0 0 0 0 0 0 0 0 0 0 0 0 0 0 0 0 0 0 0 0 0 0 0 0 0 0 0 0 0 0 0 0 0 0 0 0 0 1 0 0 0 1 0 0 0 0 0 0 0 0 0 0 0 0 0 0 0 0 0 0 0 0 0 0 0 0 0 0 0 0 0 0 0 0 0 0 0 0 0 0 0 0 0 0 0 0 0 0 0 0 0 0 0 0 0 0
0 0 0 0 0 0 0 0 0 0 0 0 0 0 0 0 0 0 0 0 0 0 0 0 1 0 0 0 0 0 0 0 0 0 1 0 0 0 0 0 0 0 0 0 0 0 0 0 0 0 0 0 0 0 0 0 0 0 0 0 0 0 0 0 0 0 0 0 0 0 0 0 0 0 0 0 0 0 0 0 0 0 0 0 0 0 0 0 0 0 0 0 0 0 0 0 0 0 0 0
0 0 0 0 0 0 0 0 0 0 0 0 0 0 0 0 0 0 0 0 1 0 0 0 0 0 1 0 0 0 0 0 1 0 0 0 0 0 0 0 1 0 1 0 0 0 0 0 0 0 0 0 0 0 0 0 0 0 0 0 0 0 0 0 0 0 0 0 0 0 0 0 0 0 0 0 0 0 0 0 0 0 0 0 0 0 0 0 0 0 0 0 0 0 0 0 0 0 0 0
0 0 0 0 0 0 0 0 0 0 0 0 0 2 0 0 0 0 0 0 0 0 0 0 0 0 0 0 0 0 0 0 0 0 0 2 0 0 0 0 0 0 0 1 0 0 1 0 0 0 0 0 0 0 0 0 0 0 0 0 0 0 0 0 0 0 0 0 0 0 0 0 0 0 0 0 0 0 0 0 0 0 0 0 0 0 0 0 0 0 0 0 0 0 0 0 0 0 0 0
0 0 0 0 0 0 0 0 0 0 1 0 0 0 0 0 0 0 0 1 0 0 0 0 0 0 0 0 0 0 1 0 0 0 0 0 0 1 0 0 0 0 0 1 0 0 0 0 0 0 0 0 0 0 0 0 0 0 0 0 0 0 0 0 0 0 0 0 0 0 0 0 0 0 0 0 0 0 0 0 0 0 0 0 0 0 0 0 0 0 0 0 0 0 0 0 0 0 0 0
1 0 0 0 0 0 0 0 0 0 0 0 0 0 0 0 0 0 1 0 0 0 0 0 0 0 0 0 0 0 0 0 0 0 0 0 0 0 0 0 0 1 0 0 0 0 0 1 0 0 0 0 0 0 0 0 0 0 0 0 0 0 0 0 0 0 0 0 0 0 0 0 0 0 0 0 0 0 0 0 0 0 0 0 0 0 0 0 0 0 0 0 0 0 0 0 0 0 0 0
0 0 0 0 0 0 0 0 0 0 0 0 0 0 0 0 1 0 0 0 0 0 0 0 1 0 0 0 0 0 0 0 0 0 0 0 0 1 0 1 0 0 0 0 0 0 0 0 0 0 0 0 0 0 0 0 0 0 0 0 0 0 0 0 0 0 0 0 0 0 0 0 0 0 0 0 0 0 0 0 0 0 0 0 0 0 0 0 0 0 0 0 0 0 0 0 0 0 0 0
0 0 0 0 0 0 1 0 0 0 0 0 0 0 0 0 0 0 0 0 0 0 0 0 0 0 0 1 0 0 0 0 0 0 0 0 0 0 0 0 0 0 0 0 0 0 1 0 0 0 0 0 0 0 0 0 0 0 0 0 0 0 0 0 0 0 0 0 0 0 0 0 0 0 0 0 0 0 0 0 0 0 0 0 0 0 0 0 0 0 0 0 0 0 0 0 0 0 0 0
0 0 0 0 0 0 0 0 0 0 0 0 1 0 0 0 0 0 0 0 0 0 0 0 0 0 1 0 0 0 0 0 0 0 0 0 0 0 0 2 0 0 0 0 0 0 0 0 0 0 0 0 0 0 0 0 0 0 0 0 0 0 0 0 0 0 0 0 0 0 0 0 0 0 0 0 0 0 0 0 0 0 0 0 0 0 0 0 0 0 0 0 0 0 0 0 0 0 0 0
0 0 0 0 0 0 0 0 0 1 0 0 0 0 0 0 0 0 0 0 0 0 0 0 0 0 0 0 0 0 0 0 0 0 0 0 0 0 1 0 0 0 0 0 0 0 0 0 0 0 0 0 0 0 0 0 0 0 0 0 0 0 0 0 0 0 0 0 0 0 0 0 0 0 0 0 0 0 0 0 0 0 0 0 0 0 0 0 0 0 0 0 0 0 0 0 0 0 0 0
0 0 0 0 0 0 0 0 1 0 0 0 0 0 0 1 0 0 0 0 1 0 0 0 0 0 0 0 0 0 0 0 0 1 0 0 0 1 0 0 0 0 0 0 0 0 0 0 0 0 0 0 0 0 0 0 0 0 0 0 0 0 0 0 0 0 0 0 0 0 0 0 0 0 0 0 0 0 0 0 0 0 0 0 0 0 0 0 0 0 0 0 0 0 0 0 0 0 0 0
0 0 0 0 0 0 0 0 0 0 0 1 0 0 0 0 0 0 0 0 0 0 0 0 0 0 0 0 0 0 0 0 0 0 0 0 0 0 0 0 0 1 0 1 0 0 0 0 0 0 0 0 0 0 0 0 0 0 0 0 0 0 0 0 0 0 0 0 0 0 0 0 0 0 0 0 0 0 0 0 0 0 0 0 0 0 0 0 0 0 0 0 0 0 0 0 0 0 0 0
0 0 0 0 0 0 0 0 0 0 0 0 0 0 0 0 1 0 0 0 0 0 1 0 0 0 0 0 0 0 0 0 0 0 0 0 0 0 0 0 0 0 0 0 0 0 0 0 1 0 0 0 0 0 0 0 0 0 0 0 0 0 0 0 0 0 0 0 0 0 0 0 0 0 0 0 0 0 0 0 0 0 0 0 0 0 0 0 0 0 0 0 0 0 0 0 0 0 0 0
0 0 0 0 0 0 0 1 0 0 0 0 0 0 0 0 0 0 0 0 0 1 0 0 0 0 0 0 1 0 0 0 0 0 0 0 0 0 0 0 0 0 1 0 1 0 0 0 0 0 0 0 0 0 0 0 0 0 0 0 0 0 0 0 0 0 0 0 0 0 0 0 0 0 0 0 0 0 0 0 0 0 0 0 0 0 0 0 0 0 0 0 0 0 0 0 0 0 0 0
1 0 0 0 0 0 0 0 0 0 0 0 0 0 0 0 0 0 0 0 0 0 0 0 0 0 0 1 0 0 0 0 0 0 0 0 0 0 0 0 0 0 0 0 0 0 0 0 0 0 0 0 0 0 0 0 0 0 0 0 0 0 0 0 0 0 0 0 0 0 0 0 0 0 0 0 0 0 0 0 0 0 0 0 0 0 0 0 0 0 0 0 0 0 0 0 0 0 0 0
0 0 0 0 0 0 0 0 0 0 1 0 0 0 0 0 0 0 0 0 0 0 0 0 0 0 0 0 0 0 0 0 0 0 1 0 0 0 0 0 1 0 0 0 0 0 0 0 0 0 0 0 0 0 0 0 0 0 0 0 0 0 0 0 0 0 0 0 0 0 0 0 0 0 0 0 0 0 0 0 0 0 0 0 0 0 0 0 0 0 0 0 0 0 0 0 0 0 0 0
0 0 0 0 0 0 0 0 0 0 1 1 0 0 0 0 0 0 1 0 0 0 0 0 0 0 0 0 0 0 0 0 1 0 0 0 0 0 0 0 0 0 0 0 0 0 0 0 0 0 0 0 0 0 0 0 0 0 0 0 0 0 0 0 0 0 0 0 0 0 0 0 0 0 0 0 0 0 0 0 0 0 0 0 0 0 0 0 0 0 0 0 0 0 0 0 0 0 0 0
0 0 0 0 0 1 0 0 0 0 0 0 0 0 0 0 0 0 0 0 0 0 0 0 0 0 0 0 0 0 0 0 0 0 0 0 0 0 0 1 0 0 0 0 0 1 0 0 0 0 0 0 0 0 0 0 0 0 0 0 0 0 0 0 0 0 0 0 0 0 0 0 0 0 0 0 0 0 0 0 0 0 0 0 0 0 0 0 0 0 0 0 0 0 0 0 0 0 0 0
0 0 0 1 0 0 0 0 0 0 0 0 0 0 0 0 1 0 0 0 0 0 0 0 0 0 0 0 0 0 1 0 0 0 0 0 0 0 0 0 1 0 0 0 0 0 0 1 0 0 0 0 0 0 0 0 0 0 0 0 0 0 0 0 0 0 0 0 0 0 0 0 0 0 0 0 0 0 0 0 0 0 0 0 0 0 0 0 0 0 0 0 0 0 0 0 0 0 0 0
0 0 1 0 0 0 0 0 0 0 0 0 0 0 0 0 0 0 0 0 0 0 0 0 1 0 0 0 0 0 0 0 0 0 0 0 0 0 0 0 0 0 1 0 0 0 0 0 0 0 0 0 0 0 0 0 0 0 0 0 0 0 0 0 0 0 0 0 0 0 0 0 0 0 0 0 0 0 0 0 0 0 0 0 0 0 0 0 0 0 0 0 0 0 0 0 0 0 0 0
0 0 0 0 1 1 0 0 0 0 0 0 0 0 0 1 0 0 0 0 0 0 0 0 0 0 0 0 0 1 0 0 0 0 0 0 0 0 0 0 1 0 1 0 0 0 0 0 0 0 0 0 0 0 0 0 0 0 0 0 0 0 0 0 0 0 0 0 0 0 0 0 0 0 0 0 0 0 0 0 0 0 0 0 0 0 0 0 0 0 0 0 0 0 0 0 0 0 0 0
0 0 0 0 0 0 0 0 1 0 0 0 0 0 0 0 0 2 0 0 0 0 0 0 0 0 0 0 0 0 0 0 0 0 0 0 0 0 0 0 0 0 0 0 0 0 0 0 0 0 0 0 0 0 0 0 0 0 0 0 0 0 0 0 0 0 0 0 0 0 0 0 0 0 0 0 0 0 0 0 0 0 0 0 0 0 0 0 0 0 0 0 0 0 0 0 0 0 0 0
1 1 1 0 0 0 0 0 0 0 0 0 0 0 0 0 0 0 0 0 0 0 0 0 0 0 0 0 0 0 0 0 0 0 0 0 0 0 0 0 0 0 0 0 0 0 0 0 0 0 0 0 0 0 0 0 0 0 0 0 0 0 0 0 0 0 0 0 0 0 0 0 0 0 0 0 0 0 0 0 0 0 0 0 0 0 0 0 0 0 0 0 0 0 0 0 0 0 0 0
0 0 0 0 0 0 0 0 0 0 0 0 0 0 0 0 0 0 1 0 1 0 0 0 1 0 0 0 0 0 0 0 0 0 0 0 0 0 0 0 0 0 0 0 0 0 0 0 0 0 0 0 0 0 0 0 0 0 0 0 0 0 0 0 0 0 0 0 0 0 0 0 0 0 0 0 0 0 0 0 0 0 0 0 0 0 0 0 0 0 0 0 0 0 0 0 0 0 0 0
0 0 0 0 0 1 0 0 0 0 0 0 0 0 0 0 0 0 0 0 0 0 0 1 0 0 0 0 0 0 0 0 0 0 0 0 0 0 0 0 0 0 0 0 0 0 0 0 0 0 0 0 0 0 0 0 0 0 0 0 0 0 0 0 0 0 0 0 0 0 0 0 0 0 0 0 0 0 0 0 0 0 0 0 0 0 0 0 0 0 0 0 0 0 0 0 0 0 0 0
0 0 0 0 0 0 0 0 0 0 0 0 0 0 0 0 0 0 0 0 1 0 2 0 0 0 0 0 0 0 0 1 0 0 0 0 0 0 0 0 0 0 0 0 0 0 0 0 0 0 0 0 0 0 0 0 0 0 0 0 0 0 0 0 0 0 0 0 0 0 0 0 0 0 0 0 0 0 0 0 0 0 0 0 0 0 0 0 0 0 0 0 0 0 0 0 0 0 0 0
0 0 1 0 1 0 0 0 0 0 0 0 0 0 0 0 1 0 0 0 0 0 0 0 0 0 0 0 0 1 0 0 1 0 1 0 0 0 0 0 0 0 0 0 0 0 0 0 0 0 0 0 0 0 0 0 0 0 0 0 0 0 0 0 0 0 0 0 0 0 0 0 0 0 0 0 0 0 0 0 0 0 0 0 0 0 0 0 0 0 0 0 0 0 0 0 0 0 0 0
0 0 0 0 0 0 0 0 0 0 0 0 0 0 1 0 0 0 0 1 0 0 0 0 0 1 0 0 0 0 0 0 0 0 0 0 0 0 0 0 0 0 0 0 0 0 0 1 0 0 0 0 0 0 0 0 0 0 0 0 0 0 0 0 0 0 0 0 0 0 0 0 0 0 0 0 0 0 0 0 0 0 0 0 0 0 0 0 0 0 0 0 0 0 0 0 0 0 0 0
0 0 0 0 0 0 0 0 0 0 0 0 0 0 0 0 1 0 0 0 0 0 0 0 0 0 0 1 0 0 0 0 0 1 1 0 0 0 0 0 0 0 0 0 0 0 0 0 0 0 0 0 0 0 0 0 0 0 0 0 0 0 0 0 0 0 0 0 0 0 0 0 0 0 0 0 0 0 0 0 0 0 0 0 0 0 0 0 0 0 0 0 0 0 0 0 0 0 0 0
0 0 0 1 0 0 1 0 1 0 0 1 0 0 0 0 0 1 1 0 0 0 0 0 0 1 0 0 0 0 0 0 0 0 0 0 0 0 0 0 0 0 0 0 0 0 0 0 0 0 0 0 0 0 0 0 0 0 0 0 0 0 0 0 0 0 0 0 0 0 0 0 0 0 0 0 0 0 0 0 0 0 0 0 0 0 0 0 0 0 0 0 0 0 0 0 0 0 0 0
0 0 0 1 0 0 1 0 0 0 0 0 0 0 0 0 0 0 0 0 0 0 0 0 0 0 0 1 0 0 0 0 0 0 0 0 0 0 0 0 0 0 0 0 0 0 0 0 0 0 0 0 0 0 0 0 0 0 0 0 0 0 0 0 0 0 0 0 0 0 0 0 0 0 0 0 0 0 0 0 0 0 0 0 0 0 0 0 0 0 0 0 0 0 0 0 0 0 0 0
0 0 0 0 0 0 0 0 0 0 0 0 0 1 1 0 0 0 0 0 0 0 0 0 0 0 0 0 0 0 0 1 0 0 0 0 0 0 0 0 0 0 0 0 0 0 0 0 0 0 0 0 0 0 0 0 0 0 0 0 0 0 0 0 0 0 0 0 0 0 0 0 0 0 0 0 0 0 0 0 0 0 0 0 0 0 0 0 0 0 0 0 0 0 0 0 0 0 0 0
0 0 0 0 0 0 0 0 0 0 0 0 0 1 0 0 0 1 0 0 0 1 0 0 0 0 0 0 0 0 0 0 0 0 0 0 0 0 0 0 0 0 0 0 0 0 0 0 0 0 0 0 0 0 0 0 0 0 0 0 0 0 0 0 0 0 0 0 0 0 0 0 0 0 0 0 0 0 0 0 0 0 0 0 0 0 0 0 0 0 0 0 0 0 0 0 0 0 0 0
0 0 0 0 0 0 0 0 0 0 0 0 0 0 0 0 0 0 0 1 0 0 0 0 0 0 0 0 0 0 0 0 1 0 0 0 0 0 0 0 0 1 0 0 0 0 0 0 0 0 0 0 0 0 0 0 0 0 0 0 0 0 0 0 0 0 0 0 0 0 0 0 0 0 0 0 0 0 0 0 0 0 0 0 0 0 0 0 0 0 0 0 0 0 0 0 0 0 0 0
0 0 0 0 0 0 0 1 0 0 0 0 0 0 0 0 0 0 0 0 0 0 0 0 0 0 1 0 0 0 0 0 0 0 0 0 0 0 0 0 0 0 0 0 0 0 0 0 0 0 0 0 0 0 0 0 0 0 0 0 0 0 0 0 0 0 0 0 0 0 0 0 0 0 0 0 0 0 0 0 0 0 0 0 0 0 0 0 0 0 0 0 0 0 0 0 0 0 0 0
0 0 0 0 0 0 0 0 0 0 0 0 0 0 0 0 0 0 0 0 0 0 0 0 0 0 0 0 0 0 0 0 0 0 0 0 0 0 0 0 0 0 0 0 0 0 0 0 0 0 0 0 0 1 0 0 0 1 0 0 0 0 0 0 0 0 1 0 0 0 0 0 0 0 0 0 0 1 0 1 0 0 0 1 0 0 0 0 0 1 0 0 0 1 1 1 0 0 0 0
0 0 0 0 0 0 0 0 0 0 0 0 0 0 0 0 0 0 0 0 0 0 0 0 0 0 0 0 0 0 0 0 0 0 0 0 0 0 0 0 0 0 0 0 0 0 0 0 0 0 0 1 0 0 0 0 0 0 0 0 0 0 0 0 0 1 0 0 2 1 0 0 0 1 0 0 0 0 0 0 0 0 1 0 1 0 0 0 0 1 0 0 1 1 1 0 1 0 0 0
0 0 0 0 0 0 0 0 0 0 0 0 0 0 0 0 0 0 0 0 0 0 0 0 0 0 0 0 0 0 0 0 0 0 0 0 0 0 0 0 0 0 0 0 0 0 0 0 0 0 1 0 1 1 0 1 0 0 0 0 0 0 1 0 0 0 0 1 0 1 0 1 0 0 0 0 1 2 1 0 0 0 0 0 0 0 0 0 0 0 0 0 0 0 0 0 0 0 0 0
0 0 0 0 0 0 0 0 0 0 0 0 0 0 0 0 0 0 0 0 0 0 0 0 0 0 0 0 0 0 0 0 0 0 0 0 0 0 0 0 0 0 0 0 0 0 0 0 0 0 0 1 0 0 0 0 0 0 0 0 0 0 0 0 0 1 0 0 0 0 0 0 0 0 1 1 0 0 0 1 0 0 0 1 0 0 0 0 0 0 1 0 2 0 1 0 0 0 2 0
0 0 0 0 0 0 0 0 0 0 0 0 0 0 0 0 0 0 0 0 0 0 0 0 0 0 0 0 0 0 0 0 0 0 0 0 0 0 0 0 0 0 0 0 0 0 0 0 0 1 0 1 0 0 0 1 3 1 1 0 0 1 0 0 1 1 1 0 0 0 0 0 0 0 0 0 0 0 1 0 0 0 0 1 1 0 0 0 0 0 1 0 0 0 0 0 1 0 0 0
0 0 0 0 0 0 0 0 0 0 0 0 0 0 0 0 0 0 0 0 0 0 0 0 0 0 0 0 0 0 0 0 0 0 0 0 0 0 0 0 0 0 0 0 0 0 0 0 0 0 0 0 0 0 0 0 1 0 0 0 0 0 0 0 1 0 0 1 0 0 0 0 1 0 1 0 1 0 1 0 1 1 0 0 0 0 1 0 0 0 0 1 4 0 0 0 1 0 0 1
0 0 0 0 0 0 0 0 0 0 0 0 0 0 0 0 0 0 0 0 0 0 0 0 0 0 0 0 0 0 0 0 0 0 0 0 0 0 0 0 0 0 0 0 0 0 0 0 0 0 0 1 0 1 0 0 0 0 0 0 0 0 0 0 0 0 0 0 1 1 0 0 1 0 0 0 0 0 0 0 0 0 0 0 0 0 1 1 0 2 1 0 0 0 0 0 1 0 0 1
0 0 0 0 0 0 0 0 0 0 0 0 0 0 0 0 0 0 0 0 0 0 0 0 0 0 0 0 0 0 0 0 0 0 0 0 0 0 0 0 0 0 0 0 0 0 0 0 0 0 0 0 0 3 1 0 0 2 0 0 0 0 1 1 0 1 0 0 0 0 0 0 1 1 0 1 0 0 0 0 0 0 0 1 0 0 1 0 0 1 0 0 0 0 0 1 1 0 0 0
0 0 0 0 0 0 0 0 0 0 0 0 0 0 0 0 0 0 0 0 0 0 0 0 0 0 0 0 0 0 0 0 0 0 0 0 0 0 0 0 0 0 0 0 0 0 0 0 0 1 0 0 0 1 0 0 2 0 2 0 0 0 0 0 0 1 0 1 0 0 0 0 1 0 0 0 0 1 0 0 0 0 0 0 1 1 0 0 0 1 0 0 1 1 1 0 1 0 0 0
0 0 0 0 0 0 0 0 0 0 0 0 0 0 0 0 0 0 0 0 0 0 0 0 0 0 0 0 0 0 0 0 0 0 0 0 0 0 0 0 0 0 0 0 0 0 0 0 0 0 0 0 0 1 0 0 0 2 0 2 0 0 0 0 2 0 0 0 0 0 1 0 0 0 2 0 0 0 1 0 0 0 0 1 0 1 0 0 0 0 0 0 0 0 1 0 2 1 1 1
0 0 0 0 0 0 0 0 0 0 0 0 0 0 0 0 0 0 0 0 0 0 0 0 0 0 0 0 0 0 0 0 0 0 0 0 0 0 0 0 0 0 0 0 0 0 0 0 0 0 0 0 0 0 0 0 0 0 2 0 0 0 1 0 0 0 0 0 0 0 1 0 0 1 0 1 0 0 0 1 0 0 0 0 0 0 1 2 0 1 1 1 0 0 0 0 1 0 1 0
0 0 0 0 0 0 0 0 0 0 0 0 0 0 0 0 0 0 0 0 0 0 0 0 0 0 0 0 0 0 0 0 0 0 0 0 0 0 0 0 0 0 0 0 0 0 0 0 0 0 0 0 0 0 0 0 0 0 0 0 0 0 1 0 1 0 0 0 0 0 0 0 0 0 0 0 0 1 0 0 0 0 0 0 0 0 0 0 0 0 0 2 0 0 0 0 1 0 0 0
0 0 0 0 0 0 0 0 0 0 0 0 0 0 0 0 0 0 0 0 0 0 0 0 0 0 0 0 0 0 0 0 0 0 0 0 0 0 0 0 0 0 0 0 0 0 0 0 0 0 0 0 0 1 0 0 0 0 0 0 0 0 0 0 1 0 0 1 0 0 0 1 0 0 0 0 0 0 0 1 0 0 0 0 0 1 0 1 0 0 0 0 0 0 0 0 0 1 0 0
0 0 0 0 0 0 0 0 0 0 0 0 0 0 0 0 0 0 0 0 0 0 0 0 0 0 0 0 0 0 0 0 0 0 0 0 0 0 0 0 0 0 0 0 0 0 0 0 0 0 0 1 0 0 0 0 1 0 0 1 1 0 0 0 1 0 1 0 0 0 0 1 0 0 1 0 0 0 0 0 0 0 0 1 0 0 0 0 1 0 0 1 0 0 0 0 1 0 0 0
0 0 0 0 0 0 0 0 0 0 0 0 0 0 0 0 0 0 0 0 0 0 0 0 0 0 0 0 0 0 0 0 0 0 0 0 0 0 0 0 0 0 0 0 0 0 0 0 0 0 0 0 0 0 0 0 1 0 0 0 0 0 0 0 0 0 0 0 0 1 2 1 0 0 0 0 0 0 0 0 0 0 0 0 0 0 0 0 0 0 1 0 0 0 0 0 1 0 1 0
0 0 0 0 0 0 0 0 0 0 0 0 0 0 0 0 0 0 0 0 0 0 0 0 0 0 0 0 0 0 0 0 0 0 0 0 0 0 0 0 0 0 0 0 0 0 0 0 0 0 0 0 0 1 1 0 0 0 2 0 1 1 1 0 0 3 0 0 0 0 1 0 0 0 1 1 0 0 0 0 0 0 0 0 0 2 0 0 0 0 0 0 0 0 2 1 0 1 0 0
0 0 0 0 0 0 0 0 0 0 0 0 0 0 0 0 0 0 0 0 0 0 0 0 0 0 0 0 0 0 0 0 0 0 0 0 0 0 0 0 0 0 0 0 0 0 0 0 0 0 1 0 1 1 0 0 1 1 0 0 0 0 0 0 3 0 0 0 0 1 1 1 0 0 1 1 0 0 0 2 1 0 0 0 0 1 0 0 0 0 0 0 0 0 0 0 0 1 0 0
0 0 0 0 0 0 0 0 0 0 0 0 0 0 0 0 0 0 0 0 0 0 0 0 0 0 0 0 0 0 0 0 0 0 0 0 0 0 0 0 0 0 0 0 0 0 0 0 0 1 0 0 0 1 0 0 0 0 0 0 0 0 1 0 0 0 0 0 0 1 0 1 0 1 1 1 0 0 1 0 0 0 0 0 0 0 0 1 1 0 0 1 0 0 0 0 0 0 0 0
0 0 0 0 0 0 0 0 0 0 0 0 0 0 0 0 0 0 0 0 0 0 0 0 0 0 0 0 0 0 0 0 0 0 0 0 0 0 0 0 0 0 0 0 0 0 0 0 0 0 0 1 0 0 1 0 0 1 0 0 0 1 0 0 0 0 0 0 1 0 0 0 0 0 2 0 1 1 0 0 0 0 1 0 0 1 0 1 1 0 1 1 0 0 1 0 0 0 0 0
0 0 0 0 0 0 0 0 0 0 0 0 0 0 0 0 0 0 0 0 0 0 0 0 0 0 0 0 0 0 0 0 0 0 0 0 0 0 0 0 0 0 0 0 0 0 0 0 0 0 2 0 0 0 0 1 0 0 0 0 0 0 0 0 0 0 0 1 0 0 0 0 0 0 1 1 0 0 1 0 0 0 0 0 0 1 0 0 0 0 0 0 0 1 0 0 0 0 2 0
0 0 0 0 0 0 0 0 0 0 0 0 0 0 0 0 0 0 0 0 0 0 0 0 0 0 0 0 0 0 0 0 0 0 0 0 0 0 0 0 0 0 0 0 0 0 0 0 0 0 1 1 0 0 0 1 0 0 0 0 0 0 0 1 0 1 1 0 0 0 0 0 0 1 0 0 0 0 0 0 0 1 0 0 0 0 0 0 0 0 1 0 0 1 0 0 0 0 0 0
0 0 0 0 0 0 0 0 0 0 0 0 0 0 0 0 0 0 0 0 0 0 0 0 0 0 0 0 0 0 0 0 0 0 0 0 0 0 0 0 0 0 0 0 0 0 0 0 0 0 0 0 0 0 0 0 0 0 1 1 0 0 0 2 1 1 0 0 0 0 0 0 1 0 0 1 0 0 1 0 0 0 0 0 1 0 0 0 0 0 0 1 0 0 0 0 1 0 1 0
0 0 0 0 0 0 0 0 0 0 0 0 0 0 0 0 0 0 0 0 0 0 0 0 0 0 0 0 0 0 0 0 0 0 0 0 0 0 0 0 0 0 0 0 0 0 0 0 0 0 0 1 0 0 0 0 0 0 0 0 0 1 1 1 0 1 1 0 0 0 0 0 0 0 0 2 1 0 1 0 0 0 0 2 1 1 0 0 0 0 0 1 0 0 0 0 0 0 0 0
0 0 0 0 0 0 0 0 0 0 0 0 0 0 0 0 0 0 0 0 0 0 0 0 0 0 0 0 0 0 0 0 0 0 0 0 0 0 0 0 0 0 0 0 0 0 0 0 0 0 0 0 0 0 1 1 1 1 0 0 0 0 0 0 0 0 0 0 0 0 1 0 0 0 0 1 1 1 0 0 2 0 0 1 0 0 0 0 0 0 0 1 0 0 0 0 1 0 0 0
0 0 0 0 0 0 0 0 0 0 0 0 0 0 0 0 0 0 0 0 0 0 0 0 0 0 0 0 0 0 0 0 0 0 0 0 0 0 0 0 0 0 0 0 0 0 0 0 0 0 1 0 0 0 0 0 1 0 0 1 0 0 0 0 0 0 1 0 0 1 0 0 0 0 1 0 0 0 0 0 0 0 0 0 0 1 0 0 0 1 1 0 0 0 1 0 0 0 0 0
0 0 0 0 0 0 0 0 0 0 0 0 0 0 0 0 0 0 0 0 0 0 0 0 0 0 0 0 0 0 0 0 0 0 0 0 0 0 0 0 0 0 0 0 0 0 0 0 0 0 0 0 1 0 1 0 0 0 2 0 0 0 1 0 1 1 1 2 1 0 0 0 0 1 0 0 0 0 0 0 0 0 0 0 0 0 0 0 0 0 0 0 0 2 0 0 0 0 0 0
0 0 0 0 0 0 0 0 0 0 0 0 0 0 0 0 0 0 0 0 0 0 0 0 0 0 0 0 0 0 0 0 0 0 0 0 0 0 0 0 0 0 0 0 0 0 0 0 0 0 0 0 1 0 0 0 1 0 0 1 0 0 0 0 1 1 1 0 1 0 1 2 1 0 0 0 1 1 1 2 0 0 1 0 1 0 0 0 0 0 0 0 0 0 0 1 0 0 1 0
0 0 0 0 0 0 0 0 0 0 0 0 0 0 0 0 0 0 0 0 0 0 0 0 0 0 0 0 0 0 0 0 0 0 0 0 0 0 0 0 0 0 0 0 0 0 0 0 0 0 0 1 0 0 1 0 0 0 0 0 0 0 0 0 0 0 0 1 0 0 0 1 1 0 0 1 0 0 0 0 0 1 1 0 0 1 2 0 0 0 0 0 0 1 1 0 0 1 0 0
0 0 0 0 0 0 0 0 0 0 0 0 0 0 0 0 0 0 0 0 0 0 0 0 0 0 0 0 0 0 0 0 0 0 0 0 0 0 0 0 0 0 0 0 0 0 0 0 0 1 0 2 0 0 0 0 0 1 0 0 1 0 0 0 0 0 0 1 0 0 0 0 1 0 0 1 0 0 1 0 0 0 0 0 0 0 0 1 1 1 0 0 0 0 0 0 0 0 0 1
0 0 0 0 0 0 0 0 0 0 0 0 0 0 0 0 0 0 0 0 0 0 0 0 0 0 0 0 0 0 0 0 0 0 0 0 0 0 0 0 0 0 0 0 0 0 0 0 0 0 0 1 0 1 1 0 0 0 1 0 0 0 0 0 0 0 1 0 1 0 1 1 0 0 0 1 0 1 0 1 0 0 1 0 0 0 0 1 0 0 0 2 0 1 0 0 0 0 0 0
0 0 0 0 0 0 0 0 0 0 0 0 0 0 0 0 0 0 0 0 0 0 0 0 0 0 0 0 0 0 0 0 0 0 0 0 0 0 0 0 0 0 0 0 0 0 0 0 0 1 0 0 1 0 0 0 0 0 0 1 0 1 0 0 0 2 0 0 0 0 0 0 0 0 0 2 0 0 1 0 1 1 1 0 0 0 0 1 0 0 0 0 2 1 0 1 1 0 0 1
0 0 0 0 0 0 0 0 0 0 0 0 0 0 0 0 0 0 0 0 0 0 0 0 0 0 0 0 0 0 0 0 0 0 0 0 0 0 0 0 0 0 0 0 0 0 0 0 0 0 0 0 0 0 1 0 0 0 0 0 0 0 0 0 0 1 0 0 0 0 0 0 2 0 0 0 0 0 0 1 0 0 1 1 0 0 0 0 0 0 0 0 0 0 1 0 0 0 1 0
0 0 0 0 0 0 0 0 0 0 0 0 0 0 0 0 0 0 0 0 0 0 0 0 0 0 0 0 0 0 0 0 0 0 0 0 0 0 0 0 0 0 0 0 0 0 0 0 0 0 0 0 0 0 1 0 0 0 0 0 0 0 0 0 0 0 0 0 0 1 0 0 0 0 0 0 1 0 0 1 0 0 0 0 0 1 0 0 0 1 1 0 0 0 1 0 0 0 1 0
0 0 0 0 0 0 0 0 0 0 0 0 0 0 0 0 0 0 0 0 0 0 0 0 0 0 0 0 0 0 0 0 0 0 0 0 0 0 0 0 0 0 0 0 0 0 0 0 0 0 1 0 0 0 0 0 0 0 0 0 0 0 0 0 0 0 0 1 0 0 0 0 0 0 0 1 1 0 1 1 1 0 0 0 0 0 0 0 0 0 0 1 0 1 0 0 0 0 1 0
0 0 0 0 0 0 0 0 0 0 0 0 0 0 0 0 0 0 0 0 0 0 0 0 0 0 0 0 0 0 0 0 0 0 0 0 0 0 0 0 0 0 0 0 0 0 0 0 0 1 0 0 1 1 0 0 1 0 1 0 0 0 1 0 0 0 0 0 0 0 0 2 1 0 0 0 0 0 0 0 1 0 0 0 0 0 0 0 0 0 0 1 1 0 0 0 1 0 0 0
0 0 0 0 0 0 0 0 0 0 0 0 0 0 0 0 0 0 0 0 0 0 0 0 0 0 0 0 0 0 0 0 0 0 0 0 0 0 0 0 0 0 0 0 0 0 0 0 0 0 1 0 0 1 0 0 0 1 0 0 0 0 0 0 0 0 0 0 0 0 1 1 0 0 0 1 0 0 0 0 0 0 0 0 0 0 0 0 0 0 0 1 0 0 0 0 0 1 3 0
0 0 0 0 0 0 0 0 0 0 0 0 0 0 0 0 0 0 0 0 0 0 0 0 0 0 0 0 0 0 0 0 0 0 0 0 0 0 0 0 0 0 0 0 0 0 0 0 0 0 0 0 0 0 0 0 0 1 1 0 0 1 0 0 2 1 0 1 1 0 0 1 0 1 0 0 1 0 0 0 0 1 0 0 0 0 0 0 0 0 0 0 1 0 0 1 1 0 0 0
0 0 0 0 0 0 0 0 0 0 0 0 0 0 0 0 0 0 0 0 0 0 0 0 0 0 0 0 0 0 0 0 0 0 0 0 0 0 0 0 0 0 0 0 0 0 0 0 0 0 0 0 0 0 1 1 1 0 0 1 0 0 0 0 0 0 0 0 0 0 0 0 0 0 0 0 2 0 0 0 0 0 0 0 0 0 0 0 0 0 0 0 0 0 0 1 0 0 0 1
0 0 0 0 0 0 0 0 0 0 0 0 0 0 0 0 0 0 0 0 0 0 0 0 0 0 0 0 0 0 0 0 0 0 0 0 0 0 0 0 0 0 0 0 0 0 0 0 0 0 0 0 0 0 0 1 0 0 0 2 0 1 0 0 0 0 1 1 0 0 0 0 0 0 0 0 0 1 1 1 0 0 0 0 0 0 0 0 0 0 0 0 0 1 0 0 1 0 0 0
0 0 0 0 0 0 0 0 0 0 0 0 0 0 0 0 0 0 0 0 0 0 0 0 0 0 0 0 0 0 0 0 0 0 0 0 0 0 0 0 0 0 0 0 0 0 0 0 0 0 0 0 0 0 0 0 0 0 0 0 0 0 1 0 0 0 1 1 0 0 0 0 0 0 0 0 0 1 0 0 0 0 0 0 0 0 0 0 0 1 0 0 0 0 0 0 0 0 0 1
0 0 0 0 0 0 0 0 0 0 0 0 0 0 0 0 0 0 0 0 0 0 0 0 0 0 0 0 0 0 0 0 0 0 0 0 0 0 0 0 0 0 0 0 0 0 0 0 0 1 1 0 0 0 0 2 1 1 0 1 0 0 0 0 0 0 0 0 0 0 0 0 0 1 0 0 0 1 0 0 0 1 0 0 0 0 0 0 1 0 0 0 0 0 0 1 0 0 0 0
0 0 0 0 0 0 0 0 0 0 0 0 0 0 0 0 0 0 0 0 0 0 0 0 0 0 0 0 0 0 0 0 0 0 0 0 0 0 0 0 0 0 0 0 0 0 0 0 0 0 0 0 1 1 0 1 0 0 0 1 0 0 0 1 0 0 0 1 0 1 0 0 0 1 0 0 0 0 0 0 0 1 0 0 0 0 0 0 0 0 0 1 0 0 2 0 0 1 0 0
0 0 0 0 0 0 0 0 0 0 0 0 0 0 0 0 0 0 0 0 0 0 0 0 0 0 0 0 0 0 0 0 0 0 0 0 0 0 0 0 0 0 0 0 0 0 0 0 0 0 0 0 0 0 1 0 0 0 0 1 2 0 1 0 0 0 1 1 0 0 1 1 1 0 0 0 0 0 2 0 0 0 1 1 1 0 0 0 0 0 1 0 0 1 0 0 0 0 0 1
0 0 0 0 0 0 0 0 0 0 0 0 0 0 0 0 0 0 0 0 0 0 0 0 0 0 0 0 0 0 0 0 0 0 0 0 0 0 0 0 0 0 0 0 0 0 0 0 0 0 1 0 2 0 4 0 0 1 0 0 0 0 0 0 0 0 0 0 0 0 0 0 0 0 0 0 0 0 0 2 0 0 0 1 0 1 0 0 0 0 0 0 0 0 0 0 0 0 0 0
0 0 0 0 0 0 0 0 0 0 0 0 0 0 0 0 0 0 0 0 0 0 0 0 0 0 0 0 0 0 0 0 0 0 0 0 0 0 0 0 0 0 0 0 0 0 0 0 0 1 1 0 0 0 0 0 0 1 0 0 0 0 0 0 0 0 0 0 1 1 0 0 0 0 2 0 1 0 1 1 0 0 1 0 0 0 0 1 0 0 0 1 0 0 0 0 0 0 0 0
0 0 0 0 0 0 0 0 0 0 0 0 0 0 0 0 0 0 0 0 0 0 0 0 0 0 0 0 0 0 0 0 0 0 0 0 0 0 0 0 0 0 0 0 0 0 0 0 0 1 1 0 1 0 0 0 0 1 1 0 0 0 0 0 2 0 0 1 0 0 0 0 0 1 0 0 1 0 0 0 1 1 0 0 0 0 0 0 0 0 2 0 0 0 0 0 0 0 0 0
0 0 0 0 0 0 0 0 0 0 0 0 0 0 0 0 0 0 0 0 0 0 0 0 0 0 0 0 0 0 0 0 0 0 0 0 0 0 0 0 0 0 0 0 0 0 0 0 0 1 0 0 0 0 0 0 1 0 0 0 0 0 0 0 1 0 0 0 0 0 0 0 0 0 0 1 0 0 0 1 0 0 0 0 0 1 1 0 0 1 0 0 0 0 0 0 1 0 1 2
0 0 0 0 0 0 0 0 0 0 0 0 0 0 0 0 0 0 0 0 0 0 0 0 0 0 0 0 0 0 0 0 0 0 0 0 0 0 0 0 0 0 0 0 0 0 0 0 0 0 1 0 0 1 1 1 1 1 2 1 1 0 1 1 0 0 0 0 0 0 1 0 1 0 0 0 0 0 0 1 0 0 0 1 0 1 0 1 0 0 0 0 0 0 0 1 0 1 2 1
0 0 0 0 0 0 0 0 0 0 0 0 0 0 0 0 0 0 0 0 0 0 0 0 0 0 0 0 0 0 0 0 0 0 0 0 0 0 0 0 0 0 0 0 0 0 0 0 0 0 0 0 0 0 0 0 0 0 1 0 0 1 0 0 1 1 0 0 0 0 0 0 0 0 0 0 1 0 0 0 0 0 0 0 1 0 0 0 0 0 1 0 0 0 0 0 1 0 0 0
0 0 0 0 0 0 0 0 0 0 0 0 0 0 0 0 0 0 0 0 0 0 0 0 0 0 0 0 0 0 0 0 0 0 0 0 0 0 0 0 0 0 0 0 0 0 0 0 0 0 0 0 2 0 0 0 0 0 1 1 0 0 0 1 0 0 0 0 2 0 1 0 0 0 0 1 0 0 0 0 1 1 1 0 3 0 0 0 0 0 0 0 0 0 0 1 2 0 0 0
0 0 0 0 0 0 0 0 0 0 0 0 0 0 0 0 0 0 0 0 0 0 0 0 0 0 0 0 0 0 0 0 0 0 0 0 0 0 0 0 0 0 0 0 0 0 0 0 0 0 0 0 0 0 1 1 0 0 1 0 0 0 0 0 0 0 0 0 0 0 0 0 0 0 0 0 0 1 0 1 0 0 0 0 0 0 1 0 1 0 0 1 0 0 0 2 1 0 0 0
[[0 0 0 ... 0 0 0]
 [0 0 0 ... 0 0 0]
 [0 0 0 ... 0 0 0]
 ...
 [0 0 0 ... 0 0 0]
 [0 0 0 ... 0 0 0]
 [0 0 0 ... 0 0 0]]
0: [(4, np.int64(1)), (6, np.int64(1)), (14, np.int64(1)), (19, np.int64(1)), (28, np.int64(1)), (36, np.int64(1))]
1: [(5, np.int64(1)), (12, np.int64(1)), (36, np.int64(1))]
2: [(33, np.int64(1)), (36, np.int64(1)), (40, np.int64(1))]
3: [(10, np.int64(1)), (32, np.int64(1)), (43, np.int64(1)), (44, np.int64(1))]
4: [(0, np.int64(1)), (8, np.int64(1)), (11, np.int64(1)), (34, np.int64(1)), (40, np.int64(1))]
5: [(1, np.int64(1)), (8, np.int64(1)), (13, np.int64(1)), (31, np.int64(1)), (34, np.int64(1)), (38, np.int64(1))]
6: [(0, np.int64(1)), (21, np.int64(1)), (43, np.int64(1)), (44, np.int64(1))]
7: [(13, np.int64(1)), (27, np.int64(1)), (48, np.int64(1))]
8: [(4, np.int64(1)), (5, np.int64(1)), (9, np.int64(1)), (24, np.int64(1)), (35, np.int64(1)), (43, np.int64(1))]
9: [(8, np.int64(1)), (10, np.int64(1)), (23, np.int64(1))]
10: [(3, np.int64(1)), (9, np.int64(1)), (18, np.int64(1)), (29, np.int64(1)), (30, np.int64(1))]
11: [(4, np.int64(1)), (25, np.int64(1)), (30, np.int64(1)), (43, np.int64(1))]
12: [(1, np.int64(1)), (22, np.int64(1))]
13: [(5, np.int64(1)), (7, np.int64(1)), (17, np.int64(2)), (45, np.int64(1)), (46, np.int64(1))]
14: [(0, np.int64(1)), (41, np.int64(1)), (45, np.int64(1))]
15: [(24, np.int64(1)), (34, np.int64(1))]
16: [(20, np.int64(1)), (26, np.int64(1)), (32, np.int64(1)), (40, np.int64(1)), (42, np.int64(1))]
17: [(13, np.int64(2)), (35, np.int64(2)), (43, np.int64(1)), (46, np.int64(1))]
18: [(10, np.int64(1)), (19, np.int64(1)), (30, np.int64(1)), (37, np.int64(1)), (43, np.int64(1))]
19: [(0, np.int64(1)), (18, np.int64(1)), (41, np.int64(1)), (47, np.int64(1))]
20: [(16, np.int64(1)), (24, np.int64(1)), (37, np.int64(1)), (39, np.int64(1))]
21: [(6, np.int64(1)), (27, np.int64(1)), (46, np.int64(1))]
22: [(12, np.int64(1)), (26, np.int64(1)), (39, np.int64(2))]
23: [(9, np.int64(1)), (38, np.int64(1))]
24: [(8, np.int64(1)), (15, np.int64(1)), (20, np.int64(1)), (33, np.int64(1)), (37, np.int64(1))]
25: [(11, np.int64(1)), (41, np.int64(1)), (43, np.int64(1))]
26: [(16, np.int64(1)), (22, np.int64(1)), (48, np.int64(1))]
27: [(7, np.int64(1)), (21, np.int64(1)), (28, np.int64(1)), (42, np.int64(1)), (44, np.int64(1))]
28: [(0, np.int64(1)), (27, np.int64(1))]
29: [(10, np.int64(1)), (34, np.int64(1)), (40, np.int64(1))]
30: [(10, np.int64(1)), (11, np.int64(1)), (18, np.int64(1)), (32, np.int64(1))]
31: [(5, np.int64(1)), (39, np.int64(1)), (45, np.int64(1))]
32: [(3, np.int64(1)), (16, np.int64(1)), (30, np.int64(1)), (40, np.int64(1)), (47, np.int64(1))]
33: [(2, np.int64(1)), (24, np.int64(1)), (42, np.int64(1))]
34: [(4, np.int64(1)), (5, np.int64(1)), (15, np.int64(1)), (29, np.int64(1)), (40, np.int64(1)), (42, np.int64(1))]
35: [(8, np.int64(1)), (17, np.int64(2))]
36: [(0, np.int64(1)), (1, np.int64(1)), (2, np.int64(1))]
37: [(18, np.int64(1)), (20, np.int64(1)), (24, np.int64(1))]
38: [(5, np.int64(1)), (23, np.int64(1))]
39: [(20, np.int64(1)), (22, np.int64(2)), (31, np.int64(1))]
40: [(2, np.int64(1)), (4, np.int64(1)), (16, np.int64(1)), (29, np.int64(1)), (32, np.int64(1)), (34, np.int64(1))]
41: [(14, np.int64(1)), (19, np.int64(1)), (25, np.int64(1)), (47, np.int64(1))]
42: [(16, np.int64(1)), (27, np.int64(1)), (33, np.int64(1)), (34, np.int64(1))]
43: [(3, np.int64(1)), (6, np.int64(1)), (8, np.int64(1)), (11, np.int64(1)), (17, np.int64(1)), (18, np.int64(1)), (25, np.int64(1))]
44: [(3, np.int64(1)), (6, np.int64(1)), (27, np.int64(1))]
45: [(13, np.int64(1)), (14, np.int64(1)), (31, np.int64(1))]
46: [(13, np.int64(1)), (17, np.int64(1)), (21, np.int64(1))]
47: [(19, np.int64(1)), (32, np.int64(1)), (41, np.int64(1))]
48: [(7, np.int64(1)), (26, np.int64(1))]
49: [(53, np.int64(1)), (57, np.int64(1)), (66, np.int64(1)), (77, np.int64(1)), (79, np.int64(1)), (83, np.int64(1)), (89, np.int64(1)), (93, np.int64(1)), (94, np.int64(1)), (95, np.int64(1))]
50: [(51, np.int64(1)), (65, np.int64(1)), (68, np.int64(2)), (69, np.int64(1)), (73, np.int64(1)), (82, np.int64(1)), (84, np.int64(1)), (89, np.int64(1)), (92, np.int64(1)), (93, np.int64(1)), (94, np.int64(1)), (96, np.int64(1))]
51: [(50, np.int64(1)), (52, np.int64(1)), (53, np.int64(1)), (55, np.int64(1)), (62, np.int64(1)), (67, np.int64(1)), (69, np.int64(1)), (71, np.int64(1)), (76, np.int64(1)), (77, np.int64(2)), (78, np.int64(1))]
52: [(51, np.int64(1)), (65, np.int64(1)), (74, np.int64(1)), (75, np.int64(1)), (79, np.int64(1)), (83, np.int64(1)), (90, np.int64(1)), (92, np.int64(2)), (94, np.int64(1)), (98, np.int64(2))]
53: [(49, np.int64(1)), (51, np.int64(1)), (55, np.int64(1)), (56, np.int64(3)), (57, np.int64(1)), (58, np.int64(1)), (61, np.int64(1)), (64, np.int64(1)), (65, np.int64(1)), (66, np.int64(1)), (78, np.int64(1)), (83, np.int64(1)), (84, np.int64(1)), (90, np.int64(1)), (96, np.int64(1))]
54: [(56, np.int64(1)), (64, np.int64(1)), (67, np.int64(1)), (72, np.int64(1)), (74, np.int64(1)), (76, np.int64(1)), (78, np.int64(1)), (80, np.int64(1)), (81, np.int64(1)), (86, np.int64(1)), (91, np.int64(1)), (92, np.int64(4)), (96, np.int64(1)), (99, np.int64(1))]
55: [(51, np.int64(1)), (53, np.int64(1)), (68, np.int64(1)), (69, np.int64(1)), (72, np.int64(1)), (86, np.int64(1)), (87, np.int64(1)), (89, np.int64(2)), (90, np.int64(1)), (96, np.int64(1)), (99, np.int64(1))]
56: [(53, np.int64(3)), (54, np.int64(1)), (57, np.int64(2)), (62, np.int64(1)), (63, np.int64(1)), (65, np.int64(1)), (72, np.int64(1)), (73, np.int64(1)), (75, np.int64(1)), (83, np.int64(1)), (86, np.int64(1)), (89, np.int64(1)), (95, np.int64(1)), (96, np.int64(1))]
57: [(49, np.int64(1)), (53, np.int64(1)), (56, np.int64(2)), (58, np.int64(2)), (65, np.int64(1)), (67, np.int64(1)), (72, np.int64(1)), (77, np.int64(1)), (84, np.int64(1)), (85, np.int64(1)), (89, np.int64(1)), (92, np.int64(1)), (93, np.int64(1)), (94, np.int64(1)), (96, np.int64(1))]
58: [(53, np.int64(1)), (57, np.int64(2)), (59, np.int64(2)), (64, np.int64(2)), (70, np.int64(1)), (74, np.int64(2)), (78, np.int64(1)), (83, np.int64(1)), (85, np.int64(1)), (94, np.int64(1)), (96, np.int64(2)), (97, np.int64(1)), (98, np.int64(1)), (99, np.int64(1))]
59: [(58, np.int64(2)), (62, np.int64(1)), (70, np.int64(1)), (73, np.int64(1)), (75, np.int64(1)), (79, np.int64(1)), (86, np.int64(1)), (87, np.int64(2)), (89, np.int64(1)), (90, np.int64(1)), (91, np.int64(1)), (96, np.int64(1)), (98, np.int64(1))]
60: [(62, np.int64(1)), (64, np.int64(1)), (77, np.int64(1)), (91, np.int64(2)), (96, np.int64(1))]
61: [(53, np.int64(1)), (64, np.int64(1)), (67, np.int64(1)), (71, np.int64(1)), (79, np.int64(1)), (85, np.int64(1)), (87, np.int64(1)), (97, np.int64(1))]
62: [(51, np.int64(1)), (56, np.int64(1)), (59, np.int64(1)), (60, np.int64(1)), (64, np.int64(1)), (66, np.int64(1)), (71, np.int64(1)), (74, np.int64(1)), (83, np.int64(1)), (88, np.int64(1)), (91, np.int64(1)), (96, np.int64(1))]
63: [(56, np.int64(1)), (69, np.int64(1)), (70, np.int64(2)), (71, np.int64(1)), (90, np.int64(1)), (96, np.int64(1)), (98, np.int64(1))]
64: [(53, np.int64(1)), (54, np.int64(1)), (58, np.int64(2)), (60, np.int64(1)), (61, np.int64(1)), (62, np.int64(1)), (65, np.int64(3)), (70, np.int64(1)), (74, np.int64(1)), (75, np.int64(1)), (85, np.int64(2)), (94, np.int64(2)), (95, np.int64(1)), (97, np.int64(1))]
65: [(50, np.int64(1)), (52, np.int64(1)), (53, np.int64(1)), (56, np.int64(1)), (57, np.int64(1)), (64, np.int64(3)), (69, np.int64(1)), (70, np.int64(1)), (71, np.int64(1)), (74, np.int64(1)), (75, np.int64(1)), (79, np.int64(2)), (80, np.int64(1)), (85, np.int64(1)), (97, np.int64(1))]
66: [(49, np.int64(1)), (53, np.int64(1)), (62, np.int64(1)), (69, np.int64(1)), (71, np.int64(1)), (73, np.int64(1)), (74, np.int64(1)), (75, np.int64(1)), (78, np.int64(1)), (87, np.int64(1)), (88, np.int64(1)), (91, np.int64(1))]
67: [(51, np.int64(1)), (54, np.int64(1)), (57, np.int64(1)), (61, np.int64(1)), (68, np.int64(1)), (74, np.int64(2)), (76, np.int64(1)), (77, np.int64(1)), (82, np.int64(1)), (85, np.int64(1)), (87, np.int64(1)), (88, np.int64(1)), (90, np.int64(1)), (91, np.int64(1)), (94, np.int64(1))]
68: [(50, np.int64(2)), (55, np.int64(1)), (67, np.int64(1)), (74, np.int64(1)), (75, np.int64(1)), (78, np.int64(1)), (85, np.int64(1)), (93, np.int64(1)), (98, np.int64(2))]
69: [(50, np.int64(1)), (51, np.int64(1)), (55, np.int64(1)), (63, np.int64(1)), (65, np.int64(1)), (66, np.int64(1)), (73, np.int64(1)), (81, np.int64(1)), (90, np.int64(1)), (93, np.int64(1))]
70: [(58, np.int64(1)), (59, np.int64(1)), (63, np.int64(2)), (64, np.int64(1)), (65, np.int64(1)), (72, np.int64(1)), (75, np.int64(1)), (78, np.int64(1)), (84, np.int64(1)), (91, np.int64(1)), (96, np.int64(1)), (98, np.int64(1))]
71: [(51, np.int64(1)), (61, np.int64(1)), (62, np.int64(1)), (63, np.int64(1)), (65, np.int64(1)), (66, np.int64(1)), (75, np.int64(2)), (76, np.int64(1)), (78, np.int64(1)), (83, np.int64(2)), (84, np.int64(1)), (85, np.int64(1)), (91, np.int64(1))]
72: [(54, np.int64(1)), (55, np.int64(1)), (56, np.int64(1)), (57, np.int64(1)), (70, np.int64(1)), (75, np.int64(1)), (76, np.int64(1)), (77, np.int64(1)), (80, np.int64(2)), (83, np.int64(1)), (91, np.int64(1)), (96, np.int64(1))]
73: [(50, np.int64(1)), (56, np.int64(1)), (59, np.int64(1)), (66, np.int64(1)), (69, np.int64(1)), (74, np.int64(1)), (85, np.int64(1)), (89, np.int64(1)), (90, np.int64(1)), (94, np.int64(1))]
74: [(52, np.int64(1)), (54, np.int64(1)), (58, np.int64(2)), (62, np.int64(1)), (64, np.int64(1)), (65, np.int64(1)), (66, np.int64(1)), (67, np.int64(2)), (68, np.int64(1)), (73, np.int64(1)), (93, np.int64(2))]
75: [(52, np.int64(1)), (56, np.int64(1)), (59, np.int64(1)), (64, np.int64(1)), (65, np.int64(1)), (66, np.int64(1)), (68, np.int64(1)), (70, np.int64(1)), (71, np.int64(2)), (72, np.int64(1)), (76, np.int64(1)), (77, np.int64(1)), (78, np.int64(1)), (79, np.int64(2)), (82, np.int64(1)), (84, np.int64(1)), (95, np.int64(1)), (98, np.int64(1))]
76: [(51, np.int64(1)), (54, np.int64(1)), (67, np.int64(1)), (71, np.int64(1)), (72, np.int64(1)), (75, np.int64(1)), (81, np.int64(1)), (82, np.int64(1)), (85, np.int64(1)), (86, np.int64(2)), (93, np.int64(1)), (94, np.int64(1)), (97, np.int64(1))]
77: [(49, np.int64(1)), (51, np.int64(2)), (57, np.int64(1)), (60, np.int64(1)), (67, np.int64(1)), (72, np.int64(1)), (75, np.int64(1)), (78, np.int64(1)), (87, np.int64(1)), (88, np.int64(1)), (89, np.int64(1)), (99, np.int64(1))]
78: [(51, np.int64(1)), (53, np.int64(1)), (54, np.int64(1)), (58, np.int64(1)), (66, np.int64(1)), (68, np.int64(1)), (70, np.int64(1)), (71, np.int64(1)), (75, np.int64(1)), (77, np.int64(1)), (79, np.int64(1)), (82, np.int64(1)), (87, np.int64(1)), (91, np.int64(2)), (93, np.int64(1))]
79: [(49, np.int64(1)), (52, np.int64(1)), (59, np.int64(1)), (61, np.int64(1)), (65, np.int64(2)), (75, np.int64(2)), (78, np.int64(1)), (80, np.int64(1)), (81, np.int64(1)), (82, np.int64(1)), (87, np.int64(1)), (92, np.int64(2)), (93, np.int64(1)), (95, np.int64(1)), (96, np.int64(1)), (99, np.int64(1))]
80: [(54, np.int64(1)), (65, np.int64(1)), (72, np.int64(2)), (79, np.int64(1)), (82, np.int64(1)), (83, np.int64(1)), (94, np.int64(1)), (98, np.int64(1))]
81: [(54, np.int64(1)), (69, np.int64(1)), (76, np.int64(1)), (79, np.int64(1)), (85, np.int64(1)), (89, np.int64(1)), (90, np.int64(1)), (94, np.int64(1)), (98, np.int64(1))]
82: [(50, np.int64(1)), (67, np.int64(1)), (75, np.int64(1)), (76, np.int64(1)), (78, np.int64(1)), (79, np.int64(1)), (80, np.int64(1)), (91, np.int64(1)), (93, np.int64(1)), (98, np.int64(1))]
83: [(49, np.int64(1)), (52, np.int64(1)), (53, np.int64(1)), (56, np.int64(1)), (58, np.int64(1)), (62, np.int64(1)), (71, np.int64(2)), (72, np.int64(1)), (80, np.int64(1)), (91, np.int64(1)), (92, np.int64(1)), (96, np.int64(1))]
84: [(50, np.int64(1)), (53, np.int64(1)), (57, np.int64(1)), (70, np.int64(1)), (71, np.int64(1)), (75, np.int64(1)), (91, np.int64(1)), (97, np.int64(1)), (98, np.int64(3))]
85: [(57, np.int64(1)), (58, np.int64(1)), (61, np.int64(1)), (64, np.int64(2)), (65, np.int64(1)), (67, np.int64(1)), (68, np.int64(1)), (71, np.int64(1)), (73, np.int64(1)), (76, np.int64(1)), (81, np.int64(1)), (92, np.int64(1)), (95, np.int64(1)), (96, np.int64(1))]
86: [(54, np.int64(1)), (55, np.int64(1)), (56, np.int64(1)), (59, np.int64(1)), (76, np.int64(2)), (95, np.int64(1)), (99, np.int64(1))]
87: [(55, np.int64(1)), (59, np.int64(2)), (61, np.int64(1)), (66, np.int64(1)), (67, np.int64(1)), (77, np.int64(1)), (78, np.int64(1)), (79, np.int64(1)), (93, np.int64(1)), (96, np.int64(1))]
88: [(62, np.int64(1)), (66, np.int64(1)), (67, np.int64(1)), (77, np.int64(1)), (89, np.int64(1)), (99, np.int64(1))]
89: [(49, np.int64(1)), (50, np.int64(1)), (55, np.int64(2)), (56, np.int64(1)), (57, np.int64(1)), (59, np.int64(1)), (73, np.int64(1)), (77, np.int64(1)), (81, np.int64(1)), (88, np.int64(1)), (95, np.int64(1))]
90: [(52, np.int64(1)), (53, np.int64(1)), (55, np.int64(1)), (59, np.int64(1)), (63, np.int64(1)), (67, np.int64(1)), (69, np.int64(1)), (73, np.int64(1)), (81, np.int64(1)), (91, np.int64(1)), (94, np.int64(2)), (97, np.int64(1))]
91: [(54, np.int64(1)), (59, np.int64(1)), (60, np.int64(2)), (62, np.int64(1)), (66, np.int64(1)), (67, np.int64(1)), (70, np.int64(1)), (71, np.int64(1)), (72, np.int64(1)), (78, np.int64(2)), (82, np.int64(1)), (83, np.int64(1)), (84, np.int64(1)), (90, np.int64(1)), (93, np.int64(1)), (99, np.int64(1))]
92: [(50, np.int64(1)), (52, np.int64(2)), (54, np.int64(4)), (57, np.int64(1)), (79, np.int64(2)), (83, np.int64(1)), (85, np.int64(1))]
93: [(49, np.int64(1)), (50, np.int64(1)), (57, np.int64(1)), (68, np.int64(1)), (69, np.int64(1)), (74, np.int64(2)), (76, np.int64(1)), (78, np.int64(1)), (79, np.int64(1)), (82, np.int64(1)), (87, np.int64(1)), (91, np.int64(1))]
94: [(49, np.int64(1)), (50, np.int64(1)), (52, np.int64(1)), (57, np.int64(1)), (58, np.int64(1)), (64, np.int64(2)), (67, np.int64(1)), (73, np.int64(1)), (76, np.int64(1)), (80, np.int64(1)), (81, np.int64(1)), (90, np.int64(2))]
95: [(49, np.int64(1)), (56, np.int64(1)), (64, np.int64(1)), (75, np.int64(1)), (79, np.int64(1)), (85, np.int64(1)), (86, np.int64(1)), (89, np.int64(1)), (96, np.int64(1)), (98, np.int64(1)), (99, np.int64(2))]
96: [(50, np.int64(1)), (53, np.int64(1)), (54, np.int64(1)), (55, np.int64(1)), (56, np.int64(1)), (57, np.int64(1)), (58, np.int64(2)), (59, np.int64(1)), (60, np.int64(1)), (62, np.int64(1)), (63, np.int64(1)), (70, np.int64(1)), (72, np.int64(1)), (79, np.int64(1)), (83, np.int64(1)), (85, np.int64(1)), (87, np.int64(1)), (95, np.int64(1)), (97, np.int64(1)), (98, np.int64(2)), (99, np.int64(1))]
97: [(58, np.int64(1)), (61, np.int64(1)), (64, np.int64(1)), (65, np.int64(1)), (76, np.int64(1)), (84, np.int64(1)), (90, np.int64(1)), (96, np.int64(1))]
98: [(52, np.int64(2)), (58, np.int64(1)), (59, np.int64(1)), (63, np.int64(1)), (68, np.int64(2)), (70, np.int64(1)), (75, np.int64(1)), (80, np.int64(1)), (81, np.int64(1)), (82, np.int64(1)), (84, np.int64(3)), (95, np.int64(1)), (96, np.int64(2))]
99: [(54, np.int64(1)), (55, np.int64(1)), (58, np.int64(1)), (77, np.int64(1)), (79, np.int64(1)), (86, np.int64(1)), (88, np.int64(1)), (91, np.int64(1)), (95, np.int64(2)), (96, np.int64(1))]
